  0.5
  0.25
  0.125
  0.0625
  0.03125
  0.015625
  0.0078125
  0.00390625
  0.001953125
  0.0009765625
  0.00048828125
  0.000244140625
  0.0001220703125
  6.103515625e-05
  3.0517578125e-05
  1.52587890625e-05
  7.62939453125e-06
  3.814697265625e-06
  1.9073486328125e-06
  9.5367431640625e-07
  4.76837158203125e-07
  2.384185791015625e-07
  1.192092895507812e-07
  5.960464477539062e-08
  2.980232238769531e-08
  1.490116119384766e-08
  7.450580596923828e-09
  3.725290298461914e-09
  1.862645149230957e-09
  9.313225746154785e-10
  4.656612873077393e-10
  2.328306436538696e-10
  1.164153218269348e-10
  5.820766091346741e-11
  2.91038304567337e-11
  1.455191522836685e-11
  7.275957614183426e-12
  3.637978807091713e-12
  1.818989403545856e-12
  9.094947017729282e-13
  4.547473508864641e-13
  2.273736754432321e-13
  1.13686837721616e-13
  5.684341886080801e-14
  2.842170943040401e-14
  1.4210854715202e-14
  7.105427357601002e-15
  3.552713678800501e-15
  1.77635683940025e-15
  8.881784197001252e-16
  4.440892098500626e-16
  2.220446049250313e-16
