  0.3333333333333329
  0.1666666666666658
  0.08333333333333157
  0.04166666666666312
  0.02083333333332623
  0.01041666666665246
  0.005208333333304912
  0.002604166666609824
  0.001302083333219647
  0.0006510416664392931
  0.000325520832878586
  0.000162760415757172
  8.138020651434394e-05
  4.069010052868786e-05
  2.034504480737572e-05
  1.017251148975144e-05
  5.086233917002877e-06
  2.543073302755753e-06
  1.271449339886507e-06
  6.355500469605129e-07
  3.174257775147756e-07
  1.580143968264262e-07
  7.761021455128989e-08
  3.601113955179851e-08
  1.241763432820638e-08
  -4.967053731282551e-09
  -2.483526865641276e-08
  -5.712111790974935e-08
  -1.179675261179606e-07
  -2.377976973851522e-07
  -4.765267173449199e-07
  -9.535190959771475e-07
  -1.907271022597949e-06
  -3.814658460517724e-06
  -7.629375128696362e-06
  -1.525877936122318e-05
  -3.051757327436159e-05
  -6.10351538246808e-05
  -0.0001220703112873404
  -0.0002441406243936702
  -0.0004882812496968351
  -0.0009765624998484176
  -0.001953124999924209
  -0.003906249999962105
  -0.007812499999981052
  -0.01562499999999053
  -0.03124999999999526
  -0.06249999999999763
  -0.1249999999999988
  -0.2499999999999994
  -0.4999999999999997
  -0.9999999999999999
