  -2
  -1.945945945945946
  -1.891891891891892
  -1.837837837837838
  -1.783783783783784
  -1.72972972972973
  -1.675675675675676
  -1.621621621621621
  -1.567567567567568
  -1.513513513513514
  -1.459459459459459
  -1.405405405405405
  -1.351351351351351
  -1.297297297297297
  -1.243243243243243
  -1.189189189189189
  -1.135135135135135
  -1.081081081081081
  -1.027027027027027
  -0.9729729729729728
  -0.9189189189189189
  -0.8648648648648649
  -0.8108108108108107
  -0.7567567567567566
  -0.7027027027027026
  -0.6486486486486487
  -0.5945945945945945
  -0.5405405405405403
  -0.4864864864864864
  -0.4324324324324325
  -0.3783783783783783
  -0.3243243243243241
  -0.2702702702702702
  -0.2162162162162162
  -0.1621621621621621
  -0.1081081081081079
  -0.05405405405405395
  0
  0.05405405405405439
  0.1081081081081083
  0.1621621621621623
  0.2162162162162162
  0.2702702702702702
  0.3243243243243246
  0.3783783783783785
  0.4324324324324325
  0.4864864864864868
  0.5405405405405408
  0.5945945945945947
  0.6486486486486487
  0.7027027027027026
  0.756756756756757
  0.810810810810811
  0.8648648648648649
  0.9189189189189193
  0.9729729729729732
  1.027027027027027
  1.081081081081081
  1.135135135135135
  1.189189189189189
  1.243243243243243
  1.297297297297297
  1.351351351351352
  1.405405405405406
  1.45945945945946
  1.513513513513514
  1.567567567567568
  1.621621621621622
  1.675675675675676
  1.72972972972973
  1.783783783783784
  1.837837837837838
  1.891891891891892
  1.945945945945946
  2
