  1.4210854715202e-14
  -1.4210854715202e-14
  2.842170943040401e-14
  0
  -2.842170943040401e-14
  4.263256414560601e-14
  -2.842170943040401e-14
  4.263256414560601e-14
  -2.842170943040401e-14
  1.4210854715202e-14
  -7.105427357601002e-15
  -3.552713678800501e-14
  1.4210854715202e-14
  -2.842170943040401e-14
  1.4210854715202e-14
  0
  0
  0
  7.105427357601002e-15
  3.552713678800501e-15
  -1.06581410364015e-14
  -1.4210854715202e-14
  -1.77635683940025e-14
  1.77635683940025e-15
  5.329070518200751e-15
  3.552713678800501e-15
  -1.77635683940025e-15
  -1.243449787580175e-14
  -1.332267629550188e-15
  -4.440892098500626e-15
  -1.06581410364015e-14
  -1.77635683940025e-15
  5.329070518200751e-15
  8.881784197001252e-16
  -2.664535259100376e-15
  -9.769962616701378e-15
  1.77635683940025e-15
  8.881784197001252e-15
  1.77635683940025e-15
  -1.77635683940025e-15
  -1.77635683940025e-15
  1.77635683940025e-15
  -8.881784197001252e-15
  -1.77635683940025e-15
  3.552713678800501e-15
  0
  0
  -1.77635683940025e-15
  1.77635683940025e-15
  1.77635683940025e-15
  3.552713678800501e-15
  1.77635683940025e-15
  -1.77635683940025e-15
  1.77635683940025e-15
  -3.552713678800501e-15
  -1.77635683940025e-15
  0
  -1.77635683940025e-15
  0
  0
  1.77635683940025e-15
  -1.77635683940025e-15
  1.77635683940025e-15
  0
  8.881784197001252e-16
  -1.77635683940025e-15
  8.881784197001252e-16
  0
  8.881784197001252e-16
  -8.881784197001252e-16
  -8.881784197001252e-16
  8.881784197001252e-16
  -4.440892098500626e-16
  -8.881784197001252e-16
  8.881784197001252e-16
  1.77635683940025e-15
  -8.881784197001252e-16
  4.440892098500626e-16
  -4.440892098500626e-16
  -2.442490654175344e-15
  -6.661338147750939e-16
  -8.881784197001252e-16
  0
  -8.881784197001252e-16
  8.881784197001252e-16
  8.881784197001252e-16
  8.881784197001252e-16
  -8.881784197001252e-16
  1.77635683940025e-15
  0
  0
  0
  0
  8.881784197001252e-16
  8.881784197001252e-16
  -8.881784197001252e-16
  8.881784197001252e-16
  8.881784197001252e-16
  -8.881784197001252e-16
  0
  0
  -1.77635683940025e-15
  1.77635683940025e-15
  1.77635683940025e-15
  -1.77635683940025e-15
  0
  0
  1.77635683940025e-15
  1.77635683940025e-15
  -3.552713678800501e-15
  1.77635683940025e-15
  0
  3.552713678800501e-15
  0
  0
  0
  0
  -3.552713678800501e-15
  -3.552713678800501e-15
  1.77635683940025e-15
  3.552713678800501e-15
  -3.552713678800501e-15
  0
  -1.77635683940025e-15
  -3.552713678800501e-15
  -1.77635683940025e-15
  -3.552713678800501e-15
  -5.329070518200751e-15
  3.552713678800501e-15
  -3.552713678800501e-15
  7.105427357601002e-15
  -5.329070518200751e-15
  0
  3.552713678800501e-15
  0
  -7.105427357601002e-15
  -7.105427357601002e-15
  7.105427357601002e-15
  0
  -7.105427357601002e-15
  0
  7.105427357601002e-15
  0
  0
  -7.105427357601002e-15
  -3.552713678800501e-15
  -1.06581410364015e-14
  -7.105427357601002e-15
  -1.06581410364015e-14
  -1.06581410364015e-14
  -7.105427357601002e-15
  -7.105427357601002e-15
  0
  -1.4210854715202e-14
  -1.4210854715202e-14
  -7.105427357601002e-15
  7.105427357601002e-15
  -7.105427357601002e-15
  0
  -7.105427357601002e-15
  -2.131628207280301e-14
  -1.4210854715202e-14
  -2.131628207280301e-14
  7.105427357601002e-15
  0
  -7.105427357601002e-15
  1.4210854715202e-14
  1.4210854715202e-14
  -2.842170943040401e-14
  -1.4210854715202e-14
  -1.4210854715202e-14
  0
  -1.4210854715202e-14
  0
  0
  0
  -1.4210854715202e-14
  2.842170943040401e-14
  1.4210854715202e-14
  -1.4210854715202e-14
  0
  2.842170943040401e-14
  -2.842170943040401e-14
  2.842170943040401e-14
  -2.842170943040401e-14
  0
  0
  -2.842170943040401e-14
  -5.684341886080801e-14
  -8.526512829121202e-14
  2.842170943040401e-14
  0
  -5.684341886080801e-14
  2.842170943040401e-14
  0
  -2.842170943040401e-14
  -1.13686837721616e-13
  5.684341886080801e-14
  -5.684341886080801e-14
  -5.684341886080801e-14
  5.684341886080801e-14
