  0.0303030303030303  -5.295618507936702e-80  -7.424153058247236e-66  0  0.0260879584056  -1.456699360671583e-89  -2.691666958279099e-41  0  0.02232623267839999  0  0  0  0.01898109654543029  0  0  0  0.0160179224576  0  0  0  0.01340413295454545  0  0  0  0.01110912314026667  0  0  0  0.009104184572581813  0  0  0  0.007362430566399996  0  0  0  0.005858722910812124  0  0  0  0.0045696  0  0  0  0.003473206377963635  0  0  0  0.002549223697066665  0  0  0  0.001778803090399998  0  0  0  0.001144498957963635  0  0  0  0.0006302041666666644  0  0  0  0.0002210866641454522  0  0  0  -9.647249360000219e-05  0  0  0  -0.000334939700751516  0  0  0  -0.0005056879464000009  0  0  0  -0.0006190545454545465  0  0  0  -0.0006843974557333338  0  0  0  -0.0007101501812363641  0  0  0  -0.0007038752616000005  0  0  0  -0.0006723163477333337  0  0  0  -0.0006214488636363638
  0  0  0  0  0  0  0  0  0  0  0  0  0  0  0  0  0  0  0  0  0  0  0  0  0  0  0  0  0  0  0  0  0  0  0  0  0  0  0  0  0  0  0  0  0  0  0  0  0  0  0  0  0  0  0  0  0  0  0  0  0  0  0  0  0  0  0  0  0  0  0  0  0  0  0  0  0  0  0  0  0  0  0  0  0  0  0  0  0  0  0  0  0  0  0  0  0  0  0  0  0
  0  0  0  0  0  0  0  0  0  0  0  0  0  0  0  0  0  0  0  0  0  0  0  0  0  0  0  0  0  0  0  0  0  0  0  0  0  0  0  0  0  0  0  0  0  0  0  0  0  0  0  0  0  0  0  0  0  0  0  0  0  0  0  0  0  0  0  0  0  0  0  0  0  0  0  0  0  0  0  0  0  0  0  0  0  0  0  0  0  0  0  0  0  0  0  0  0  0  0  0  0
  0  0  0  0  0  0  0  0  0  0  0  0  0  0  0  0  0  0  0  0  0  0  0  0  0  0  0  0  0  0  0  0  0  0  0  0  0  0  0  0  0  0  0  0  0  0  0  0  0  0  0  0  0  0  0  0  0  0  0  0  0  0  0  0  0  0  0  0  0  0  0  0  0  0  0  0  0  0  0  0  0  0  0  0  0  0  0  0  0  0  0  0  0  0  0  0  0  0  0  0  0
  0.0281364434444625  -4.916995731516327e-80  -6.893345667331419e-66  0  0.02422273808660159  -1.352549192844982e-89  -2.499219859717293e-41  0  0.02072996584176249  0  0  0  0.0176239981323246  0  0  0  0.01487268318775959  0  0  0  0.0124457727503216  0  0  0  0.01031485009347153  0  0  0  0.008453259353035075  0  0  0  0.006836036171094751  0  0  0  0.005439839652615787  0  0  0  0.004242885634805923  0  0  0  0.003224881269209169  0  0  0  0.002366960916533394  0  0  0  0.001651623354211864  0  0  0  0.001062670296698672  0  0  0  0.0005851462284980803  0  0  0  0.0002052795499277619  0  0  0  -8.957496438405015e-05  0  0  0  -0.0003109923942675074  0  0  0  -0.0004695325900461903  0  0  0  -0.0005747937758382365  0  0  0  -0.0006354648401235741  0  0  0  -0.0006593763135772478  0  0  0  -0.0006535500341688337  0  0  0  -0.0006242474995279554  0  0  0  -0.0005770169065758913
  0  0  0  0  0  0  0  0  0  0  0  0  0  0  0  0  0  0  0  0  0  0  0  0  0  0  0  0  0  0  0  0  0  0  0  0  0  0  0  0  0  0  0  0  0  0  0  0  0  0  0  0  0  0  0  0  0  0  0  0  0  0  0  0  0  0  0  0  0  0  0  0  0  0  0  0  0  0  0  0  0  0  0  0  0  0  0  0  0  0  0  0  0  0  0  0  0  0  0  0  0
  0  0  0  0  0  0  0  0  0  0  0  0  0  0  0  0  0  0  0  0  0  0  0  0  0  0  0  0  0  0  0  0  0  0  0  0  0  0  0  0  0  0  0  0  0  0  0  0  0  0  0  0  0  0  0  0  0  0  0  0  0  0  0  0  0  0  0  0  0  0  0  0  0  0  0  0  0  0  0  0  0  0  0  0  0  0  0  0  0  0  0  0  0  0  0  0  0  0  0  0  0
  0  0  0  0  0  0  0  0  0  0  0  0  0  0  0  0  0  0  0  0  0  0  0  0  0  0  0  0  0  0  0  0  0  0  0  0  0  0  0  0  0  0  0  0  0  0  0  0  0  0  0  0  0  0  0  0  0  0  0  0  0  0  0  0  0  0  0  0  0  0  0  0  0  0  0  0  0  0  0  0  0  0  0  0  0  0  0  0  0  0  0  0  0  0  0  0  0  0  0  0  0
  0.0260879584056  -4.559011887110281e-80  -6.391472873951943e-66  0  0.02245919193448642  -1.254076306911924e-89  -2.317263156427329e-41  0  0.01922071237243893  0  0  0  0.01634087588660549  0  0  0  0.01378987152899383  0  0  0  0.01153965327838336  0  0  0  0.009563873299396852  0  0  0  0.007837816418731845  0  0  0  0.006338335818551918  0  0  0  0.005043789947037681  0  0  0  0.003933980646097582  0  0  0  0.002990092496238538  0  0  0  0.002194633378596285  0  0  0  0.001531376254125561  0  0  0  0.0009853021599500586  0  0  0  0.0005425444228721798  0  0  0  0.0001903340900425607  0  0  0  -8.305342321060518e-05  0  0  0  -0.0002883504683924588  0  0  0  -0.0004353480816925847  0  0  0  -0.0005329456846763222  0  0  0  -0.0005891995678162994  0  0  0  -0.0006113701568641778  0  0  0  -0.0006059680620626038  0  0  0  -0.0005787989101973799  0  0  0  -0.0005350069594898439
  0  0  0  0  0  0  0  0  0  0  0  0  0  0  0  0  0  0  0  0  0  0  0  0  0  0  0  0  0  0  0  0  0  0  0  0  0  0  0  0  0  0  0  0  0  0  0  0  0  0  0  0  0  0  0  0  0  0  0  0  0  0  0  0  0  0  0  0  0  0  0  0  0  0  0  0  0  0  0  0  0  0  0  0  0  0  0  0  0  0  0  0  0  0  0  0  0  0  0  0  0
  0  0  0  0  0  0  0  0  0  0  0  0  0  0  0  0  0  0  0  0  0  0  0  0  0  0  0  0  0  0  0  0  0  0  0  0  0  0  0  0  0  0  0  0  0  0  0  0  0  0  0  0  0  0  0  0  0  0  0  0  0  0  0  0  0  0  0  0  0  0  0  0  0  0  0  0  0  0  0  0  0  0  0  0  0  0  0  0  0  0  0  0  0  0  0  0  0  0  0  0  0
  0  0  0  0  0  0  0  0  0  0  0  0  0  0  0  0  0  0  0  0  0  0  0  0  0  0  0  0  0  0  0  0  0  0  0  0  0  0  0  0  0  0  0  0  0  0  0  0  0  0  0  0  0  0  0  0  0  0  0  0  0  0  0  0  0  0  0  0  0  0  0  0  0  0  0  0  0  0  0  0  0  0  0  0  0  0  0  0  0  0  0  0  0  0  0  0  0  0  0  0  0
  0.02415277539051098  -4.220828184408926e-80  -5.917358742260482e-66  0  0.02079318779232584  -1.161049971503455e-89  -2.145370506489374e-41  0  0.01779493594552348  0  0  0  0.0151287233304036  0  0  0  0.01276695035025413  0  0  0  0.01068365141433753  0  0  0  0.008854433147748829  0  0  0  0.007256413728145683  0  0  0  0.005868163349350223  0  0  0  0.004669645811822836  0  0  0  0.003642161240007806  0  0  0  0.002768289926550913  0  0  0  0.002031837303388833  0  0  0  0.001417780039710473  0  0  0  0.0009122132667901945  0  0  0  0.0005022989296929151  0  0  0  0.0001762152658511007  0  0  0  -7.689258948635091e-05  0  0  0  -0.0002669608709333388  0  0  0  -0.0004030543237739032  0  0  0  -0.0004934122178976715  0  0  0  -0.0005454932348634249  0  0  0  -0.0005660192280907746  0  0  0  -0.000561017856179945  0  0  0  -0.0005358640893596722  0  0  0  -0.0004953205890632136
  0  0  0  0  0  0  0  0  0  0  0  0  0  0  0  0  0  0  0  0  0  0  0  0  0  0  0  0  0  0  0  0  0  0  0  0  0  0  0  0  0  0  0  0  0  0  0  0  0  0  0  0  0  0  0  0  0  0  0  0  0  0  0  0  0  0  0  0  0  0  0  0  0  0  0  0  0  0  0  0  0  0  0  0  0  0  0  0  0  0  0  0  0  0  0  0  0  0  0  0  0
  0  0  0  0  0  0  0  0  0  0  0  0  0  0  0  0  0  0  0  0  0  0  0  0  0  0  0  0  0  0  0  0  0  0  0  0  0  0  0  0  0  0  0  0  0  0  0  0  0  0  0  0  0  0  0  0  0  0  0  0  0  0  0  0  0  0  0  0  0  0  0  0  0  0  0  0  0  0  0  0  0  0  0  0  0  0  0  0  0  0  0  0  0  0  0  0  0  0  0  0  0
  0  0  0  0  0  0  0  0  0  0  0  0  0  0  0  0  0  0  0  0  0  0  0  0  0  0  0  0  0  0  0  0  0  0  0  0  0  0  0  0  0  0  0  0  0  0  0  0  0  0  0  0  0  0  0  0  0  0  0  0  0  0  0  0  0  0  0  0  0  0  0  0  0  0  0  0  0  0  0  0  0  0  0  0  0  0  0  0  0  0  0  0  0  0  0  0  0  0  0  0  0
  0.02232623267839999  -3.901629962479795e-80  -5.469861164409929e-66  0  0.01922071237243893  -1.073246092671399e-89  -1.983127832508911e-41  0  0.01644920196513184  0  0  0  0.01398462047282688  0  0  0  0.01180145550582722  0  0  0  0.009875705109447902  0  0  0  0.008184820646725509  0  0  0  0.006707650722780518  0  0  0  0.005424386150832348  0  0  0  0.004316505959867124  0  0  0  0.003366724443958148  0  0  0  0.002558939253239127  0  0  0  0.001878180526530047  0  0  0  0.001310561065615802  0  0  0  0.0008432275511775204  0  0  0  0.0004643128003766049  0  0  0  0.0001628890660914871  0  0  0  -7.10776221929104e-05  0  0  0  -0.0002467720758429964  0  0  0  -0.0003725735228816266  0  0  0  -0.0004560981421404986  0  0  0  -0.0005042405557598432  0  0  0  -0.0005232142800354027  0  0  0  -0.0005185911346126921  0  0  0  -0.0004953396100285542  0  0  0  -0.0004578621936
  0  0  0  0  0  0  0  0  0  0  0  0  0  0  0  0  0  0  0  0  0  0  0  0  0  0  0  0  0  0  0  0  0  0  0  0  0  0  0  0  0  0  0  0  0  0  0  0  0  0  0  0  0  0  0  0  0  0  0  0  0  0  0  0  0  0  0  0  0  0  0  0  0  0  0  0  0  0  0  0  0  0  0  0  0  0  0  0  0  0  0  0  0  0  0  0  0  0  0  0  0
  0  0  0  0  0  0  0  0  0  0  0  0  0  0  0  0  0  0  0  0  0  0  0  0  0  0  0  0  0  0  0  0  0  0  0  0  0  0  0  0  0  0  0  0  0  0  0  0  0  0  0  0  0  0  0  0  0  0  0  0  0  0  0  0  0  0  0  0  0  0  0  0  0  0  0  0  0  0  0  0  0  0  0  0  0  0  0  0  0  0  0  0  0  0  0  0  0  0  0  0  0
  0  0  0  0  0  0  0  0  0  0  0  0  0  0  0  0  0  0  0  0  0  0  0  0  0  0  0  0  0  0  0  0  0  0  0  0  0  0  0  0  0  0  0  0  0  0  0  0  0  0  0  0  0  0  0  0  0  0  0  0  0  0  0  0  0  0  0  0  0  0  0  0  0  0  0  0  0  0  0  0  0  0  0  0  0  0  0  0  0  0  0  0  0  0  0  0  0  0  0  0  0
  0.02060380410156249  -3.600626249026503e-80  -5.04787124266069e-66  0  0.01773786908515687  -9.904470926509042e-90  -1.830133097596027e-41  0  0.01518017570624466  0  0  0  0.01290573223021138  0  0  0  0.01089099450220349  0  0  0  0.009113812275042835  0  0  0  0.00755337649843224  0  0  0  0.006190167569452123  0  0  0  0.005005904544348222  0  0  0  0.003983495311610396  0  0  0  0.003106987726342499  0  0  0  0.002361521705923385  0  0  0  0.001733282286958941  0  0  0  0.001209453643525232  0  0  0  0.0007781740667027292  0  0  0  0.0004284919054016169  0  0  0  0.0001503224684781876  0  0  0  -6.559411185768164e-05  0  0  0  -0.0002277340553439666  0  0  0  -0.0003438301476768527  0  0  0  -0.0004209109932300006  0  0  0  -0.000465339306482734  0  0  0  -0.0004828492421571438  0  0  0  -0.0004785827640641012  0  0  0  -0.000457125052658194  0  0  0  -0.0004225389513015746
  0  0  0  0  0  0  0  0  0  0  0  0  0  0  0  0  0  0  0  0  0  0  0  0  0  0  0  0  0  0  0  0  0  0  0  0  0  0  0  0  0  0  0  0  0  0  0  0  0  0  0  0  0  0  0  0  0  0  0  0  0  0  0  0  0  0  0  0  0  0  0  0  0  0  0  0  0  0  0  0  0  0  0  0  0  0  0  0  0  0  0  0  0  0  0  0  0  0  0  0  0
  0  0  0  0  0  0  0  0  0  0  0  0  0  0  0  0  0  0  0  0  0  0  0  0  0  0  0  0  0  0  0  0  0  0  0  0  0  0  0  0  0  0  0  0  0  0  0  0  0  0  0  0  0  0  0  0  0  0  0  0  0  0  0  0  0  0  0  0  0  0  0  0  0  0  0  0  0  0  0  0  0  0  0  0  0  0  0  0  0  0  0  0  0  0  0  0  0  0  0  0  0
  0  0  0  0  0  0  0  0  0  0  0  0  0  0  0  0  0  0  0  0  0  0  0  0  0  0  0  0  0  0  0  0  0  0  0  0  0  0  0  0  0  0  0  0  0  0  0  0  0  0  0  0  0  0  0  0  0  0  0  0  0  0  0  0  0  0  0  0  0  0  0  0  0  0  0  0  0  0  0  0  0  0  0  0  0  0  0  0  0  0  0  0  0  0  0  0  0  0  0  0  0
  0.01898109654543029  -3.317049323508164e-80  -4.650312676899198e-66  0  0.01634087588660549  -9.124417896849385e-90  -1.685996083306929e-41  0  0.01398462047282688  0  0  0  0.01188930686020921  0  0  0  0.01003324517662241  0  0  0  0.008396029676694365  0  0  0  0.006958490182395687  0  0  0  0.00570264440920655  0  0  0  0.004611651177865557  0  0  0  0.003669764511700628  0  0  0  0.002862288619541943  0  0  0  0.002175533764216957  0  0  0  0.001596773016627397  0  0  0  0.001114199895408341  0  0  0  0.0007168868921693198  0  0  0  0.0003947448823174692  0  0  0  0.0001384834214627144  0  0  0  -6.042807259500158e-05  0  0  0  -0.0002097982522964479  0  0  0  -0.0003167508871718003  0  0  0  -0.000387761025107287  0  0  0  -0.0004286902680298017  0  0  0  -0.0004448211620094742  0  0  0  -0.0004408907017801973  0  0  0  -0.0004211229496781173  0  0  0  -0.0003892607689980823
  0  0  0  0  0  0  0  0  0  0  0  0  0  0  0  0  0  0  0  0  0  0  0  0  0  0  0  0  0  0  0  0  0  0  0  0  0  0  0  0  0  0  0  0  0  0  0  0  0  0  0  0  0  0  0  0  0  0  0  0  0  0  0  0  0  0  0  0  0  0  0  0  0  0  0  0  0  0  0  0  0  0  0  0  0  0  0  0  0  0  0  0  0  0  0  0  0  0  0  0  0
  0  0  0  0  0  0  0  0  0  0  0  0  0  0  0  0  0  0  0  0  0  0  0  0  0  0  0  0  0  0  0  0  0  0  0  0  0  0  0  0  0  0  0  0  0  0  0  0  0  0  0  0  0  0  0  0  0  0  0  0  0  0  0  0  0  0  0  0  0  0  0  0  0  0  0  0  0  0  0  0  0  0  0  0  0  0  0  0  0  0  0  0  0  0  0  0  0  0  0  0  0
  0  0  0  0  0  0  0  0  0  0  0  0  0  0  0  0  0  0  0  0  0  0  0  0  0  0  0  0  0  0  0  0  0  0  0  0  0  0  0  0  0  0  0  0  0  0  0  0  0  0  0  0  0  0  0  0  0  0  0  0  0  0  0  0  0  0  0  0  0  0  0  0  0  0  0  0  0  0  0  0  0  0  0  0  0  0  0  0  0  0  0  0  0  0  0  0  0  0  0  0  0
  0.01745384747070795  -3.050154284119312e-80  -4.276141157568627e-66  0  0.01502606314550602  -8.390252789107062e-90  -1.550338169547677e-41  0  0.01285939577222285  0  0  0  0.01093267440971382  0  0  0  0.009225954387295066  0  0  0  0.007720471838168964  0  0  0  0.006398599047176374  0  0  0  0.005243800612875508  0  0  0  0.004240590423947573  0  0  0  0.003374489449929078  0  0  0  0.002631984346270852  0  0  0  0.002000486873723821  0  0  0  0.001468294132051421  0  0  0  0.001024549608068761  0  0  0  0.0006592050380084882  0  0  0  0.0003629830842133508  0  0  0  0.0001273408261554778  0  0  0  -5.556593421763846e-05  0  0  0  -0.0001929175528104503  0  0  0  -0.000291264609379958  0  0  0  -0.0003565611592095991  0  0  0  -0.0003941971704564366  0  0  0  -0.0004090301471716384  0  0  0  -0.0004054159379942451  0  0  0  -0.0003872387305182347  0  0  0  -0.0003579402313328779
  0  0  0  0  0  0  0  0  0  0  0  0  0  0  0  0  0  0  0  0  0  0  0  0  0  0  0  0  0  0  0  0  0  0  0  0  0  0  0  0  0  0  0  0  0  0  0  0  0  0  0  0  0  0  0  0  0  0  0  0  0  0  0  0  0  0  0  0  0  0  0  0  0  0  0  0  0  0  0  0  0  0  0  0  0  0  0  0  0  0  0  0  0  0  0  0  0  0  0  0  0
  0  0  0  0  0  0  0  0  0  0  0  0  0  0  0  0  0  0  0  0  0  0  0  0  0  0  0  0  0  0  0  0  0  0  0  0  0  0  0  0  0  0  0  0  0  0  0  0  0  0  0  0  0  0  0  0  0  0  0  0  0  0  0  0  0  0  0  0  0  0  0  0  0  0  0  0  0  0  0  0  0  0  0  0  0  0  0  0  0  0  0  0  0  0  0  0  0  0  0  0  0
  0  0  0  0  0  0  0  0  0  0  0  0  0  0  0  0  0  0  0  0  0  0  0  0  0  0  0  0  0  0  0  0  0  0  0  0  0  0  0  0  0  0  0  0  0  0  0  0  0  0  0  0  0  0  0  0  0  0  0  0  0  0  0  0  0  0  0  0  0  0  0  0  0  0  0  0  0  0  0  0  0  0  0  0  0  0  0  0  0  0  0  0  0  0  0  0  0  0  0  0  0
  0.0160179224576  -2.799218618630329e-80  -3.924343764011817e-66  0  0.01378987152899383  -7.699988143080056e-90  -1.422792116440156e-41  0  0.01180145550582722  0  0  0  0.01003324517662241  0  0  0  0.008466936715303649  0  0  0  0.007085309955149904  0  0  0  0.0058721874100798  0  0  0  0.004812394043268691  0  0  0  0.003891717783097952  0  0  0  0.003096870786436454  0  0  0  0.002415451449254215  0  0  0  0.001835907164568288  0  0  0  0.001347497827720778  0  0  0  0.0009402600889890915  0  0  0  0.0006049723535283613  0  0  0  0.0003331205286460608  0  0  0  0.0001168645184088131  0  0  0  -5.099453441861285e-05  0  0  0  -0.0001770462591021145  0  0  0  -0.0002673023203348806  0  0  0  -0.0003272269343018194  0  0  0  -0.0003617666374118038  0  0  0  -0.0003753793076977239  0  0  0  -0.0003720624388843468  0  0  0  -0.0003553806671239894  0  0  0  -0.0003284925504
  0  0  0  0  0  0  0  0  0  0  0  0  0  0  0  0  0  0  0  0  0  0  0  0  0  0  0  0  0  0  0  0  0  0  0  0  0  0  0  0  0  0  0  0  0  0  0  0  0  0  0  0  0  0  0  0  0  0  0  0  0  0  0  0  0  0  0  0  0  0  0  0  0  0  0  0  0  0  0  0  0  0  0  0  0  0  0  0  0  0  0  0  0  0  0  0  0  0  0  0  0
  0  0  0  0  0  0  0  0  0  0  0  0  0  0  0  0  0  0  0  0  0  0  0  0  0  0  0  0  0  0  0  0  0  0  0  0  0  0  0  0  0  0  0  0  0  0  0  0  0  0  0  0  0  0  0  0  0  0  0  0  0  0  0  0  0  0  0  0  0  0  0  0  0  0  0  0  0  0  0  0  0  0  0  0  0  0  0  0  0  0  0  0  0  0  0  0  0  0  0  0  0
  0  0  0  0  0  0  0  0  0  0  0  0  0  0  0  0  0  0  0  0  0  0  0  0  0  0  0  0  0  0  0  0  0  0  0  0  0  0  0  0  0  0  0  0  0  0  0  0  0  0  0  0  0  0  0  0  0  0  0  0  0  0  0  0  0  0  0  0  0  0  0  0  0  0  0  0  0  0  0  0  0  0  0  0  0  0  0  0  0  0  0  0  0  0  0  0  0  0  0  0  0
  0.01466931277212917  -2.563541779088383e-80  -3.593938368226404e-66  0  0.01262884990745541  -7.051696917095174e-90  -1.303001848150255e-41  0  0.01080784617603176  0  0  0  0.009188508185435616  0  0  0  0.007754073178178128  0  0  0  0.006488770818731227  0  0  0  0.005377785664966094  0  0  0  0.00440722032400306  0  0  0  0.003564059292472986  0  0  0  0.002836133481190088  0  0  0  0.002212085424236208  0  0  0  0.001681335172456581  0  0  0  0.001234046871367014  0  0  0  0.0008610960234725487  0  0  0  0.0005540374349975674  0  0  0  0.0003050738470273666  0  0  0  0.0001070252510611784  0  0  0  -4.670111102334684e-05  0  0  0  -0.0001621400625942021  0  0  0  -0.0002447971234776311  0  0  0  -0.0002996764567592729  0  0  0  -0.0003313081311738561  0  0  0  -0.0003437746990834345  0  0  0  -0.0003407370900441633  0  0  0  -0.0003254598199616224  0  0  0  -0.0003008355158346804
  0  0  0  0  0  0  0  0  0  0  0  0  0  0  0  0  0  0  0  0  0  0  0  0  0  0  0  0  0  0  0  0  0  0  0  0  0  0  0  0  0  0  0  0  0  0  0  0  0  0  0  0  0  0  0  0  0  0  0  0  0  0  0  0  0  0  0  0  0  0  0  0  0  0  0  0  0  0  0  0  0  0  0  0  0  0  0  0  0  0  0  0  0  0  0  0  0  0  0  0  0
  0  0  0  0  0  0  0  0  0  0  0  0  0  0  0  0  0  0  0  0  0  0  0  0  0  0  0  0  0  0  0  0  0  0  0  0  0  0  0  0  0  0  0  0  0  0  0  0  0  0  0  0  0  0  0  0  0  0  0  0  0  0  0  0  0  0  0  0  0  0  0  0  0  0  0  0  0  0  0  0  0  0  0  0  0  0  0  0  0  0  0  0  0  0  0  0  0  0  0  0  0
  0  0  0  0  0  0  0  0  0  0  0  0  0  0  0  0  0  0  0  0  0  0  0  0  0  0  0  0  0  0  0  0  0  0  0  0  0  0  0  0  0  0  0  0  0  0  0  0  0  0  0  0  0  0  0  0  0  0  0  0  0  0  0  0  0  0  0  0  0  0  0  0  0  0  0  0  0  0  0  0  0  0  0  0  0  0  0  0  0  0  0  0  0  0  0  0  0  0  0  0  0
  0.01340413295454545  -2.342444760378861e-80  -3.283973044032159e-66  0  0.01153965327838336  -6.443511328730274e-90  -1.19062223867829e-41  0  0.009875705109447902  0  0  0  0.008396029676694365  0  0  0  0.007085309955149904  0  0  0  0.005929135748683338  0  0  0  0.004913969398158213  0  0  0  0.004027112114969071  0  0  0  0.003256670939960953  0  0  0  0.002591526327732119  0  0  0  0.00202130035632  0  0  0  0.001536325562270394  0  0  0  0.001127614401089863  0  0  0  0.0007868293330813711  0  0  0  0.0005062535345631484  0  0  0  0.0002787622344707802  0  0  0  9.779467634252511e-05  0  0  0  -4.267329431214184e-05  0  0  0  -0.0001481560172607566  0  0  0  -0.00022368417941287  0  0  0  -0.0002738303513018187  0  0  0  -0.000302733898183274  0  0  0  -0.0003141252657505635  0  0  0  -0.0003113496404667616  0  0  0  -0.0002973899845135566  0  0  0  -0.0002748894453568893
  0  0  0  0  0  0  0  0  0  0  0  0  0  0  0  0  0  0  0  0  0  0  0  0  0  0  0  0  0  0  0  0  0  0  0  0  0  0  0  0  0  0  0  0  0  0  0  0  0  0  0  0  0  0  0  0  0  0  0  0  0  0  0  0  0  0  0  0  0  0  0  0  0  0  0  0  0  0  0  0  0  0  0  0  0  0  0  0  0  0  0  0  0  0  0  0  0  0  0  0  0
  0  0  0  0  0  0  0  0  0  0  0  0  0  0  0  0  0  0  0  0  0  0  0  0  0  0  0  0  0  0  0  0  0  0  0  0  0  0  0  0  0  0  0  0  0  0  0  0  0  0  0  0  0  0  0  0  0  0  0  0  0  0  0  0  0  0  0  0  0  0  0  0  0  0  0  0  0  0  0  0  0  0  0  0  0  0  0  0  0  0  0  0  0  0  0  0  0  0  0  0  0
  0  0  0  0  0  0  0  0  0  0  0  0  0  0  0  0  0  0  0  0  0  0  0  0  0  0  0  0  0  0  0  0  0  0  0  0  0  0  0  0  0  0  0  0  0  0  0  0  0  0  0  0  0  0  0  0  0  0  0  0  0  0  0  0  0  0  0  0  0  0  0  0  0  0  0  0  0  0  0  0  0  0  0  0  0  0  0  0  0  0  0  0  0  0  0  0  0  0  0  0  0
  0.01221861842982613  -2.135269682647324e-80  -2.993525481650541e-66  0  0.01051904070924966  -5.873621706155856e-90  -1.085318899611641e-41  0  0.009002258696405193  0  0  0  0.007653451610254023  0  0  0  0.006458657124082589  0  0  0  0.005404739536490214  0  0  0  0.004479358512448718  0  0  0  0.003670938394433868  0  0  0  0.002968638083628698  0  0  0  0.00236232149119869  0  0  0  0.001842528559638806  0  0  0  0.001400446854192413  0  0  0  0.001027883724342033  0  0  0  0.0007172390353719723  0  0  0  0.0004614784700028119  0  0  0  0.0002541074000977554  0  0  0  8.914532844084131e-05  0  0  0  -3.889909941298493e-05  0  0  0  -0.0001350525132159365  0  0  0  -0.0002039006660335914  0  0  0  -0.0002496117121792325  0  0  0  -0.0002759589150763311  0  0  0  -0.0002863427850491673  0  0  0  -0.0002838126470415871  0  0  0  -0.0002710876382639009  0  0  0  -0.0002505771357679189
  0  0  0  0  0  0  0  0  0  0  0  0  0  0  0  0  0  0  0  0  0  0  0  0  0  0  0  0  0  0  0  0  0  0  0  0  0  0  0  0  0  0  0  0  0  0  0  0  0  0  0  0  0  0  0  0  0  0  0  0  0  0  0  0  0  0  0  0  0  0  0  0  0  0  0  0  0  0  0  0  0  0  0  0  0  0  0  0  0  0  0  0  0  0  0  0  0  0  0  0  0
  0  0  0  0  0  0  0  0  0  0  0  0  0  0  0  0  0  0  0  0  0  0  0  0  0  0  0  0  0  0  0  0  0  0  0  0  0  0  0  0  0  0  0  0  0  0  0  0  0  0  0  0  0  0  0  0  0  0  0  0  0  0  0  0  0  0  0  0  0  0  0  0  0  0  0  0  0  0  0  0  0  0  0  0  0  0  0  0  0  0  0  0  0  0  0  0  0  0  0  0  0
  0  0  0  0  0  0  0  0  0  0  0  0  0  0  0  0  0  0  0  0  0  0  0  0  0  0  0  0  0  0  0  0  0  0  0  0  0  0  0  0  0  0  0  0  0  0  0  0  0  0  0  0  0  0  0  0  0  0  0  0  0  0  0  0  0  0  0  0  0  0  0  0  0  0  0  0  0  0  0  0  0  0  0  0  0  0  0  0  0  0  0  0  0  0  0  0  0  0  0  0  0
  0.01110912314026667  -1.941379377581954e-80  -2.721702407696445e-66  0  0.009563873299396853  -5.340275350095951e-90  -9.867679698396145e-42  0  0.008184820646725509  0  0  0  0.006958490182395687  0  0  0  0.005872187410079801  0  0  0  0.004913969398158213  0  0  0  0.004072616359205074  0  0  0  0.003337603747781405  0  0  0  0.002699074876535427  0  0  0  0.002147814050610144  0  0  0  0.001675220220358164  0  0  0  0.001273281152363801  0  0  0  0.0009345481187723813  0  0  0  0.0006521111049268359  0  0  0  0.0004195745353115217  0  0  0  0.0002310335178033007  0  0  0  8.105060622986606e-05  0  0  0  -3.536691876468341e-05  0  0  0  -0.0001227892505470178  0  0  0  -0.0001853857390145039  0  0  0  -0.0002269460548078801  0  0  0  -0.0002509008352166847  0  0  0  -0.0002603418117774362  0  0  0  -0.00025804141956456  0  0  0  -0.0002464718881740703  0  0  0  -0.0002278238144000001
  0  0  0  0  0  0  0  0  0  0  0  0  0  0  0  0  0  0  0  0  0  0  0  0  0  0  0  0  0  0  0  0  0  0  0  0  0  0  0  0  0  0  0  0  0  0  0  0  0  0  0  0  0  0  0  0  0  0  0  0  0  0  0  0  0  0  0  0  0  0  0  0  0  0  0  0  0  0  0  0  0  0  0  0  0  0  0  0  0  0  0  0  0  0  0  0  0  0  0  0  0
  0  0  0  0  0  0  0  0  0  0  0  0  0  0  0  0  0  0  0  0  0  0  0  0  0  0  0  0  0  0  0  0  0  0  0  0  0  0  0  0  0  0  0  0  0  0  0  0  0  0  0  0  0  0  0  0  0  0  0  0  0  0  0  0  0  0  0  0  0  0  0  0  0  0  0  0  0  0  0  0  0  0  0  0  0  0  0  0  0  0  0  0  0  0  0  0  0  0  0  0  0
  0  0  0  0  0  0  0  0  0  0  0  0  0  0  0  0  0  0  0  0  0  0  0  0  0  0  0  0  0  0  0  0  0  0  0  0  0  0  0  0  0  0  0  0  0  0  0  0  0  0  0  0  0  0  0  0  0  0  0  0  0  0  0  0  0  0  0  0  0  0  0  0  0  0  0  0  0  0  0  0  0  0  0  0  0  0  0  0  0  0  0  0  0  0  0  0  0  0  0  0  0
  0.0100721172001625  -1.760156978556508e-80  -2.467639010582163e-66  0  0.00867111216094753  -4.841775406408367e-90  -8.946559072305356e-42  0  0.007420790261773106  0  0  0  0.006308934356774723  0  0  0  0.005324034945770049  0  0  0  0.004455263936796494  0  0  0  0.003692448878573502  0  0  0  0.003026047662889526  0  0  0  0.002447123696913704  0  0  0  0.001947321545432237  0  0  0  0.001518843043009464  0  0  0  0.001154423876073653  0  0  0  0.0008473106349274707  0  0  0  0.000591238335683161  0  0  0  0.0003804084121224281  0  0  0  0.0002094671774810137  0  0  0  7.348475615797664e-05  0  0  0  -3.20655146503279e-05  0  0  0  -0.0001113272133915686  0  0  0  -0.0001680804926740599  0  0  0  -0.00020576126785868  0  0  0  -0.0002274799357260924  0  0  0  -0.0002360396232192668  0  0  0  -0.000233953966261298  0  0  0  -0.0002234644186485263  0  0  0  -0.0002065570910189575
  0  0  0  0  0  0  0  0  0  0  0  0  0  0  0  0  0  0  0  0  0  0  0  0  0  0  0  0  0  0  0  0  0  0  0  0  0  0  0  0  0  0  0  0  0  0  0  0  0  0  0  0  0  0  0  0  0  0  0  0  0  0  0  0  0  0  0  0  0  0  0  0  0  0  0  0  0  0  0  0  0  0  0  0  0  0  0  0  0  0  0  0  0  0  0  0  0  0  0  0  0
  0  0  0  0  0  0  0  0  0  0  0  0  0  0  0  0  0  0  0  0  0  0  0  0  0  0  0  0  0  0  0  0  0  0  0  0  0  0  0  0  0  0  0  0  0  0  0  0  0  0  0  0  0  0  0  0  0  0  0  0  0  0  0  0  0  0  0  0  0  0  0  0  0  0  0  0  0  0  0  0  0  0  0  0  0  0  0  0  0  0  0  0  0  0  0  0  0  0  0  0  0
  0  0  0  0  0  0  0  0  0  0  0  0  0  0  0  0  0  0  0  0  0  0  0  0  0  0  0  0  0  0  0  0  0  0  0  0  0  0  0  0  0  0  0  0  0  0  0  0  0  0  0  0  0  0  0  0  0  0  0  0  0  0  0  0  0  0  0  0  0  0  0  0  0  0  0  0  0  0  0  0  0  0  0  0  0  0  0  0  0  0  0  0  0  0  0  0  0  0  0  0  0
  0.009104184572581813  -1.591005514633789e-80  -2.230498371333559e-66  0  0.007837816418731845  -4.376479749284284e-90  -8.086792822710619e-42  0  0.006707650722780518  0  0  0  0.005702644409206549  0  0  0  0.004812394043268691  0  0  0  0.004027112114969071  0  0  0  0.003337603747781404  0  0  0  0.002735243832144011  0  0  0  0.00221195458371768  0  0  0  0.001760183526408363  0  0  0  0.001372881900154705  0  0  0  0.001043483493480426  0  0  0  0.0007658839008115122  0  0  0  0.0005344202045582571  0  0  0  0.0003438510819621399  0  0  0  0.000189337336707533  0  0  0  6.64228552982479e-05  0  0  0  -2.898401180108404e-05  0  0  0  -0.000100628644258795  0  0  0  -0.0001519279212051304  0  0  0  -0.0001859875657963597  0  0  0  -0.0002056190650140548  0  0  0  -0.0002133561646995334  0  0  0  -0.0002114709398234635  0  0  0  -0.0002019894399906361  0  0  0  -0.0001867069101799005
  0  0  0  0  0  0  0  0  0  0  0  0  0  0  0  0  0  0  0  0  0  0  0  0  0  0  0  0  0  0  0  0  0  0  0  0  0  0  0  0  0  0  0  0  0  0  0  0  0  0  0  0  0  0  0  0  0  0  0  0  0  0  0  0  0  0  0  0  0  0  0  0  0  0  0  0  0  0  0  0  0  0  0  0  0  0  0  0  0  0  0  0  0  0  0  0  0  0  0  0  0
  0  0  0  0  0  0  0  0  0  0  0  0  0  0  0  0  0  0  0  0  0  0  0  0  0  0  0  0  0  0  0  0  0  0  0  0  0  0  0  0  0  0  0  0  0  0  0  0  0  0  0  0  0  0  0  0  0  0  0  0  0  0  0  0  0  0  0  0  0  0  0  0  0  0  0  0  0  0  0  0  0  0  0  0  0  0  0  0  0  0  0  0  0  0  0  0  0  0  0  0  0
  0  0  0  0  0  0  0  0  0  0  0  0  0  0  0  0  0  0  0  0  0  0  0  0  0  0  0  0  0  0  0  0  0  0  0  0  0  0  0  0  0  0  0  0  0  0  0  0  0  0  0  0  0  0  0  0  0  0  0  0  0  0  0  0  0  0  0  0  0  0  0  0  0  0  0  0  0  0  0  0  0  0  0  0  0  0  0  0  0  0  0  0  0  0  0  0  0  0  0  0  0
  0.008202020768229162  -1.433347508429613e-80  -2.009470899818444e-66  0  0.007061141229233181  -3.942799875067172e-90  -7.285445736677257e-42  0  0.00604296739545026  0  0  0  0.005137550486289608  0  0  0  0.004335517977816943  0  0  0  0.003628052236818462  0  0  0  0.003006869537538318  0  0  0  0.00246419946108955  0  0  0  0.001992764677538512  0  0  0  0.001585761110662775  0  0  0  0.001236838485382499  0  0  0  0.0009400812578653228  0  0  0  0.0006899899283046895  0  0  0  0.0004814627363716831  0  0  0  0.000309777739340334  0  0  0  0.0001705752728864096  0  0  0  5.984079455968366e-05  0  0  0  -2.61118900703124e-05  0  0  0  -9.065701859505704e-05  0  0  0  -0.0001368728802743268  0  0  0  -0.0001675574418700002  0  0  0  -0.0001852435908063841  0  0  0  -0.0001922139956570579  0  0  0  -0.0001905155839582359  0  0  0  -0.0001819736373486498  0  0  0  -0.0001682055040359497
  0  0  0  0  0  0  0  0  0  0  0  0  0  0  0  0  0  0  0  0  0  0  0  0  0  0  0  0  0  0  0  0  0  0  0  0  0  0  0  0  0  0  0  0  0  0  0  0  0  0  0  0  0  0  0  0  0  0  0  0  0  0  0  0  0  0  0  0  0  0  0  0  0  0  0  0  0  0  0  0  0  0  0  0  0  0  0  0  0  0  0  0  0  0  0  0  0  0  0  0  0
  0  0  0  0  0  0  0  0  0  0  0  0  0  0  0  0  0  0  0  0  0  0  0  0  0  0  0  0  0  0  0  0  0  0  0  0  0  0  0  0  0  0  0  0  0  0  0  0  0  0  0  0  0  0  0  0  0  0  0  0  0  0  0  0  0  0  0  0  0  0  0  0  0  0  0  0  0  0  0  0  0  0  0  0  0  0  0  0  0  0  0  0  0  0  0  0  0  0  0  0  0
  0  0  0  0  0  0  0  0  0  0  0  0  0  0  0  0  0  0  0  0  0  0  0  0  0  0  0  0  0  0  0  0  0  0  0  0  0  0  0  0  0  0  0  0  0  0  0  0  0  0  0  0  0  0  0  0  0  0  0  0  0  0  0  0  0  0  0  0  0  0  0  0  0  0  0  0  0  0  0  0  0  0  0  0  0  0  0  0  0  0  0  0  0  0  0  0  0  0  0  0  0
  0.007362430566399996  -1.286624577837282e-80  -1.803773776387158e-66  0  0.006338335818551918  -3.539199806691051e-90  -6.539679659106971e-42  0  0.005424386150832348  0  0  0  0.004611651177865557  0  0  0  0.003891717783097953  0  0  0  0.003256670939960953  0  0  0  0.002699074876535427  0  0  0  0.00221195458371768  0  0  0  0.001788777666887012  0  0  0  0.001423436541074828  0  0  0  0.001110230969635307  0  0  0  0.0008438509464176512  0  0  0  0.0006193599214398691  0  0  0  0.0004321783700641349  0  0  0  0.0002780677056737054  0  0  0  0.0001531145358513965  0  0  0  5.371526205962028e-05  0  0  0  -2.343897717801697e-05  0  0  0  -8.137701959355637e-05  0  0  0  -0.0001228620489899685  0  0  0  -0.0001504056215548725  0  0  0  -0.000166281348672697  0  0  0  -0.0001725382362352804  0  0  0  -0.000171013680450909  0  0  0  -0.0001633461201517961  0  0  0  -0.0001509873456
  0  0  0  0  0  0  0  0  0  0  0  0  0  0  0  0  0  0  0  0  0  0  0  0  0  0  0  0  0  0  0  0  0  0  0  0  0  0  0  0  0  0  0  0  0  0  0  0  0  0  0  0  0  0  0  0  0  0  0  0  0  0  0  0  0  0  0  0  0  0  0  0  0  0  0  0  0  0  0  0  0  0  0  0  0  0  0  0  0  0  0  0  0  0  0  0  0  0  0  0  0
  0  0  0  0  0  0  0  0  0  0  0  0  0  0  0  0  0  0  0  0  0  0  0  0  0  0  0  0  0  0  0  0  0  0  0  0  0  0  0  0  0  0  0  0  0  0  0  0  0  0  0  0  0  0  0  0  0  0  0  0  0  0  0  0  0  0  0  0  0  0  0  0  0  0  0  0  0  0  0  0  0  0  0  0  0  0  0  0  0  0  0  0  0  0  0  0  0  0  0  0  0
  0  0  0  0  0  0  0  0  0  0  0  0  0  0  0  0  0  0  0  0  0  0  0  0  0  0  0  0  0  0  0  0  0  0  0  0  0  0  0  0  0  0  0  0  0  0  0  0  0  0  0  0  0  0  0  0  0  0  0  0  0  0  0  0  0  0  0  0  0  0  0  0  0  0  0  0  0  0  0  0  0  0  0  0  0  0  0  0  0  0  0  0  0  0  0  0  0  0  0  0  0
  0.006582325758026131  -1.150297041612565e-80  -1.612650398925365e-66  0  0.005666741539387341  -3.164195008738089e-90  -5.846751487997759e-42  0  0.004849631702477661  0  0  0  0.004123012103316699  0  0  0  0.003479361058229948  0  0  0  0.002911602197153478  0  0  0  0.002413087624043627  0  0  0  0.00197758138439167  0  0  0  0.001599243239843489  0  0  0  0.001272612749924224  0  0  0  0.0009925936608679148  0  0  0  0.0007544386015521523  0  0  0  0.0005537340865376929  0  0  0  0.000386385826213081  0  0  0  0.0002486043440442572  0  0  0  0.0001368909009291575  0  0  0  4.802372665730252e-05  0  0  0  -2.095544152562208e-05  0  0  0  -7.275451324819484e-05  0  0  0  -0.0001098438922386981  0  0  0  -0.0001344690164455644  0  0  0  -0.0001486625910528353  0  0  0  -0.0001542565143906284  0  0  0  -0.0001528934967406131  0  0  0  -0.0001460383720364968  0  0  0  -0.0001349891024595203
  0  0  0  0  0  0  0  0  0  0  0  0  0  0  0  0  0  0  0  0  0  0  0  0  0  0  0  0  0  0  0  0  0  0  0  0  0  0  0  0  0  0  0  0  0  0  0  0  0  0  0  0  0  0  0  0  0  0  0  0  0  0  0  0  0  0  0  0  0  0  0  0  0  0  0  0  0  0  0  0  0  0  0  0  0  0  0  0  0  0  0  0  0  0  0  0  0  0  0  0  0
  0  0  0  0  0  0  0  0  0  0  0  0  0  0  0  0  0  0  0  0  0  0  0  0  0  0  0  0  0  0  0  0  0  0  0  0  0  0  0  0  0  0  0  0  0  0  0  0  0  0  0  0  0  0  0  0  0  0  0  0  0  0  0  0  0  0  0  0  0  0  0  0  0  0  0  0  0  0  0  0  0  0  0  0  0  0  0  0  0  0  0  0  0  0  0  0  0  0  0  0  0
  0  0  0  0  0  0  0  0  0  0  0  0  0  0  0  0  0  0  0  0  0  0  0  0  0  0  0  0  0  0  0  0  0  0  0  0  0  0  0  0  0  0  0  0  0  0  0  0  0  0  0  0  0  0  0  0  0  0  0  0  0  0  0  0  0  0  0  0  0  0  0  0  0  0  0  0  0  0  0  0  0  0  0  0  0  0  0  0  0  0  0  0  0  0  0  0  0  0  0  0  0
  0.005858722910812124  -1.023843528819193e-80  -1.435369835319056e-66  0  0.005043789947037681  -2.816351313115552e-90  -5.204011189326094e-42  0  0.004316505959867124  0  0  0  0.003669764511700627  0  0  0  0.003096870786436454  0  0  0  0.002591526327732119  0  0  0  0.002147814050610144  0  0  0  0.001760183526408363  0  0  0  0.001423436541074827  0  0  0  0.001132712926807271  0  0  0  0.0008834766670371537  0  0  0  0.0006715022747582933  0  0  0  0.0004928614442000587  0  0  0  0.0003439099758451461  0  0  0  0.0002212749747919309  0  0  0  0.0001218423224613952  0  0  0  4.274442164863155e-05  0  0  0  -1.865178508107779e-05  0  0  0  -6.47565236516043e-05  0  0  0  -9.776862339074221e-05  0  0  0  -0.0001196866786003989  0  0  0  -0.0001323199367822115  0  0  0  -0.0001372989135185866  0  0  0  -0.0001360857340091634  0  0  0  -0.0001299842012627008  0  0  0  -0.0001201495909443893
  0  0  0  0  0  0  0  0  0  0  0  0  0  0  0  0  0  0  0  0  0  0  0  0  0  0  0  0  0  0  0  0  0  0  0  0  0  0  0  0  0  0  0  0  0  0  0  0  0  0  0  0  0  0  0  0  0  0  0  0  0  0  0  0  0  0  0  0  0  0  0  0  0  0  0  0  0  0  0  0  0  0  0  0  0  0  0  0  0  0  0  0  0  0  0  0  0  0  0  0  0
  0  0  0  0  0  0  0  0  0  0  0  0  0  0  0  0  0  0  0  0  0  0  0  0  0  0  0  0  0  0  0  0  0  0  0  0  0  0  0  0  0  0  0  0  0  0  0  0  0  0  0  0  0  0  0  0  0  0  0  0  0  0  0  0  0  0  0  0  0  0  0  0  0  0  0  0  0  0  0  0  0  0  0  0  0  0  0  0  0  0  0  0  0  0  0  0  0  0  0  0  0
  0  0  0  0  0  0  0  0  0  0  0  0  0  0  0  0  0  0  0  0  0  0  0  0  0  0  0  0  0  0  0  0  0  0  0  0  0  0  0  0  0  0  0  0  0  0  0  0  0  0  0  0  0  0  0  0  0  0  0  0  0  0  0  0  0  0  0  0  0  0  0  0  0  0  0  0  0  0  0  0  0  0  0  0  0  0  0  0  0  0  0  0  0  0  0  0  0  0  0  0  0
  0.005188741156462502  -9.067605921348386e-81  -1.271226281331745e-66  0  0.004467000894418214  -2.494283855352054e-90  -4.608899831551289e-42  0  0.003822886398116679  0  0  0  0.003250103895722058  0  0  0  0.002742724165393545  0  0  0  0.002295169018822195  0  0  0  0.001902198026853683  0  0  0  0.001558895487196946  0  0  0  0.001260657634218747  0  0  0  0.001003180090824142  0  0  0  0.0007824455624228446  0  0  0  0.000594711772981523  0  0  0  0.000436499643161977  0  0  0  0.0003045817105452383  0  0  0  0.0001959707919415738  0  0  0  0.0001079088877863967  0  0  0  3.785632862208485e-05  0  0  0  -1.651883633429359e-05  0  0  0  -5.735120853734664e-05  0  0  0  -8.658816737381872e-05  0  0  0  -0.0001059997553371413  0  0  0  -0.0001171883211160785  0  0  0  -0.0001215979205974641  0  0  0  -0.0001205234757830312  0  0  0  -0.0001151196916203346  0  0  0  -0.0001064097307477662
  0  0  0  0  0  0  0  0  0  0  0  0  0  0  0  0  0  0  0  0  0  0  0  0  0  0  0  0  0  0  0  0  0  0  0  0  0  0  0  0  0  0  0  0  0  0  0  0  0  0  0  0  0  0  0  0  0  0  0  0  0  0  0  0  0  0  0  0  0  0  0  0  0  0  0  0  0  0  0  0  0  0  0  0  0  0  0  0  0  0  0  0  0  0  0  0  0  0  0  0  0
  0  0  0  0  0  0  0  0  0  0  0  0  0  0  0  0  0  0  0  0  0  0  0  0  0  0  0  0  0  0  0  0  0  0  0  0  0  0  0  0  0  0  0  0  0  0  0  0  0  0  0  0  0  0  0  0  0  0  0  0  0  0  0  0  0  0  0  0  0  0  0  0  0  0  0  0  0  0  0  0  0  0  0  0  0  0  0  0  0  0  0  0  0  0  0  0  0  0  0  0  0
  0  0  0  0  0  0  0  0  0  0  0  0  0  0  0  0  0  0  0  0  0  0  0  0  0  0  0  0  0  0  0  0  0  0  0  0  0  0  0  0  0  0  0  0  0  0  0  0  0  0  0  0  0  0  0  0  0  0  0  0  0  0  0  0  0  0  0  0  0  0  0  0  0  0  0  0  0  0  0  0  0  0  0  0  0  0  0  0  0  0  0  0  0  0  0  0  0  0  0  0  0
  0.0045696  -7.985623250176293e-81  -1.119538523893897e-66  0  0.003933980646097582  -2.196656021513205e-90  -4.058947639742217e-42  0  0.003366724443958148  0  0  0  0.002862288619541943  0  0  0  0.002415451449254215  0  0  0  0.00202130035632  0  0  0  0.001675220220358164  0  0  0  0.001372881900154705  0  0  0  0.001110230969635307  0  0  0  0.0008834766670371537  0  0  0  0.00068908105728  0  0  0  0.0005237484075365067  0  0  0  0.0003844147760018225  0  0  0  0.0002682378138624305  0  0  0  0.0001725867804642506  0  0  0  9.503277167999967e-05  0  0  0  3.333916147580893e-05  0  0  0  -1.454774332290081e-05  0  0  0  -5.050783506628621e-05  0  0  0  -7.625612411569165e-05  0  0  0  -9.335144448000016e-05  0  0  0  -0.0001032049462527284  0  0  0  -0.0001070883748498637  0  0  0  -0.0001061421370484429  0  0  0  -0.000101383153825874  0  0  0  -9.371250000000003e-05
  0  0  0  0  0  0  0  0  0  0  0  0  0  0  0  0  0  0  0  0  0  0  0  0  0  0  0  0  0  0  0  0  0  0  0  0  0  0  0  0  0  0  0  0  0  0  0  0  0  0  0  0  0  0  0  0  0  0  0  0  0  0  0  0  0  0  0  0  0  0  0  0  0  0  0  0  0  0  0  0  0  0  0  0  0  0  0  0  0  0  0  0  0  0  0  0  0  0  0  0  0
  0  0  0  0  0  0  0  0  0  0  0  0  0  0  0  0  0  0  0  0  0  0  0  0  0  0  0  0  0  0  0  0  0  0  0  0  0  0  0  0  0  0  0  0  0  0  0  0  0  0  0  0  0  0  0  0  0  0  0  0  0  0  0  0  0  0  0  0  0  0  0  0  0  0  0  0  0  0  0  0  0  0  0  0  0  0  0  0  0  0  0  0  0  0  0  0  0  0  0  0  0
  0  0  0  0  0  0  0  0  0  0  0  0  0  0  0  0  0  0  0  0  0  0  0  0  0  0  0  0  0  0  0  0  0  0  0  0  0  0  0  0  0  0  0  0  0  0  0  0  0  0  0  0  0  0  0  0  0  0  0  0  0  0  0  0  0  0  0  0  0  0  0  0  0  0  0  0  0  0  0  0  0  0  0  0  0  0  0  0  0  0  0  0  0  0  0  0  0  0  0  0  0
  0.003998617151174622  -6.987799827331441e-81  -9.796494098045462e-67  0  0.003442420011352156  -1.922178405736544e-90  -3.551772069326194e-42  0  0.002946043877995862  0  0  0  0.002504638560423745  0  0  0  0.002113634802349768  0  0  0  0.001768733865646124  0  0  0  0.001465897300664978  0  0  0  0.001201336903119706  0  0  0  0.0009715048575255972  0  0  0  0.0007730840672000511  0  0  0  0.0006029786708222492  0  0  0  0.0004583047455523178  0  0  0  0.000336381196709961  0  0  0  0.0002347208340125832  0  0  0  0.0001510216343728907  0  0  0  8.315819125597612e-05  0  0  0  2.917335059588362e-05  0  0  0  -1.272996672834324e-05  0  0  0  -4.419675585713214e-05  0  0  0  -6.672773235537144e-05  0  0  0  -8.168695005791625e-05  0  0  0  -9.030923235561422e-05  0  0  0  -9.370741692184922e-05  0  0  0  -9.287941387960241e-05  0  0  0  -8.871507740903245e-05  0  0  0  -8.200289079557332e-05
  0  0  0  0  0  0  0  0  0  0  0  0  0  0  0  0  0  0  0  0  0  0  0  0  0  0  0  0  0  0  0  0  0  0  0  0  0  0  0  0  0  0  0  0  0  0  0  0  0  0  0  0  0  0  0  0  0  0  0  0  0  0  0  0  0  0  0  0  0  0  0  0  0  0  0  0  0  0  0  0  0  0  0  0  0  0  0  0  0  0  0  0  0  0  0  0  0  0  0  0  0
  0  0  0  0  0  0  0  0  0  0  0  0  0  0  0  0  0  0  0  0  0  0  0  0  0  0  0  0  0  0  0  0  0  0  0  0  0  0  0  0  0  0  0  0  0  0  0  0  0  0  0  0  0  0  0  0  0  0  0  0  0  0  0  0  0  0  0  0  0  0  0  0  0  0  0  0  0  0  0  0  0  0  0  0  0  0  0  0  0  0  0  0  0  0  0  0  0  0  0  0  0
  0  0  0  0  0  0  0  0  0  0  0  0  0  0  0  0  0  0  0  0  0  0  0  0  0  0  0  0  0  0  0  0  0  0  0  0  0  0  0  0  0  0  0  0  0  0  0  0  0  0  0  0  0  0  0  0  0  0  0  0  0  0  0  0  0  0  0  0  0  0  0  0  0  0  0  0  0  0  0  0  0  0  0  0  0  0  0  0  0  0  0  0  0  0  0  0  0  0  0  0  0
  0.003473206377963635  -6.069616072419247e-81  -8.509253198451234e-67  0  0.002990092496238538  -1.66960777838583e-90  -3.085075899460152e-42  0  0.002558939253239126  0  0  0  0.002175533764216957  0  0  0  0.001835907164568288  0  0  0  0.001536325562270394  0  0  0  0.0012732811523638  0  0  0  0.001043483493480426  0  0  0  0.0008438509464176512  0  0  0  0.0006715022747582933  0  0  0  0.0005237484075365067  0  0  0  0.0003980843639496001  0  0  0  0.0002921813401157633  0  0  0  0.0002038789578777171  0  0  0  0.000131177675652277  0  0  0  7.223136132583525e-05  0  0  0  2.534002719575873e-05  0  0  0  -1.105727304229626e-05  0  0  0  -3.838938526115209e-05  0  0  0  -5.795983382296193e-05  0  0  0  -7.095343845414363e-05  0  0  0  -7.844276907439829e-05  0  0  0  -8.139443857981164e-05  0  0  0  -8.067523358003815e-05  0  0  0  -7.705808308956886e-05  0  0  0  -7.122786517308239e-05
  0  0  0  0  0  0  0  0  0  0  0  0  0  0  0  0  0  0  0  0  0  0  0  0  0  0  0  0  0  0  0  0  0  0  0  0  0  0  0  0  0  0  0  0  0  0  0  0  0  0  0  0  0  0  0  0  0  0  0  0  0  0  0  0  0  0  0  0  0  0  0  0  0  0  0  0  0  0  0  0  0  0  0  0  0  0  0  0  0  0  0  0  0  0  0  0  0  0  0  0  0
  0  0  0  0  0  0  0  0  0  0  0  0  0  0  0  0  0  0  0  0  0  0  0  0  0  0  0  0  0  0  0  0  0  0  0  0  0  0  0  0  0  0  0  0  0  0  0  0  0  0  0  0  0  0  0  0  0  0  0  0  0  0  0  0  0  0  0  0  0  0  0  0  0  0  0  0  0  0  0  0  0  0  0  0  0  0  0  0  0  0  0  0  0  0  0  0  0  0  0  0  0
  0  0  0  0  0  0  0  0  0  0  0  0  0  0  0  0  0  0  0  0  0  0  0  0  0  0  0  0  0  0  0  0  0  0  0  0  0  0  0  0  0  0  0  0  0  0  0  0  0  0  0  0  0  0  0  0  0  0  0  0  0  0  0  0  0  0  0  0  0  0  0  0  0  0  0  0  0  0  0  0  0  0  0  0  0  0  0  0  0  0  0  0  0  0  0  0  0  0  0  0  0
  0.002990875382162499  -5.226716559474956e-81  -7.327556483054969e-67  0  0.002574852474684213  -1.437746064824681e-90  -2.656645346024067e-42  0  0.002203574329910529  0  0  0  0.001873413114677845  0  0  0  0.001580951128410181  0  0  0  0.001322973012008442  0  0  0  0.001096458096281966  0  0  0  0.0008985728899223525  0  0  0  0.0007266637070195729  0  0  0  0.0005782494341203603  0  0  0  0.000451014436828882  0  0  0  0.0003428016059497002  0  0  0  0.0002516055431730047  0  0  0  0.0001755658863021337  0  0  0  0.0001129607740233742  0  0  0  6.220045021804546e-05  0  0  0  2.182100781686303e-05  0  0  0  -9.521727803414502e-06  0  0  0  -3.305817588105726e-05  0  0  0  -4.991083778815438e-05  0  0  0  -6.109999500712137e-05  0  0  0  -6.754926756492673e-05  0  0  0  -7.009103292503659e-05  0  0  0  -6.94717053370768e-05  0  0  0  -6.6356875644214e-05  0  0  0  -6.13363115482544e-05
  0  0  0  0  0  0  0  0  0  0  0  0  0  0  0  0  0  0  0  0  0  0  0  0  0  0  0  0  0  0  0  0  0  0  0  0  0  0  0  0  0  0  0  0  0  0  0  0  0  0  0  0  0  0  0  0  0  0  0  0  0  0  0  0  0  0  0  0  0  0  0  0  0  0  0  0  0  0  0  0  0  0  0  0  0  0  0  0  0  0  0  0  0  0  0  0  0  0  0  0  0
  0  0  0  0  0  0  0  0  0  0  0  0  0  0  0  0  0  0  0  0  0  0  0  0  0  0  0  0  0  0  0  0  0  0  0  0  0  0  0  0  0  0  0  0  0  0  0  0  0  0  0  0  0  0  0  0  0  0  0  0  0  0  0  0  0  0  0  0  0  0  0  0  0  0  0  0  0  0  0  0  0  0  0  0  0  0  0  0  0  0  0  0  0  0  0  0  0  0  0  0  0
  0  0  0  0  0  0  0  0  0  0  0  0  0  0  0  0  0  0  0  0  0  0  0  0  0  0  0  0  0  0  0  0  0  0  0  0  0  0  0  0  0  0  0  0  0  0  0  0  0  0  0  0  0  0  0  0  0  0  0  0  0  0  0  0  0  0  0  0  0  0  0  0  0  0  0  0  0  0  0  0  0  0  0  0  0  0  0  0  0  0  0  0  0  0  0  0  0  0  0  0  0
  0.002549223697066665  -4.454906343048829e-81  -6.245522879222157e-67  0  0.002194633378596285  -1.225439334809534e-90  -2.264348194236622e-42  0  0.001878180526530047  0  0  0  0.001596773016627397  0  0  0  0.001347497827720778  0  0  0  0.001127614401089863  0  0  0  0.0009345481187723813  0  0  0  0.0007658839008115123  0  0  0  0.0006193599214398691  0  0  0  0.0004928614442000587  0  0  0  0.0003844147760018226  0  0  0  0.0002921813401157634  0  0  0  0.0002144518681036458  0  0  0  0.0001496407106852821  0  0  0  9.628026754199708e-05  0  0  0  5.301553605667477e-05  0  0  0  1.859877899038519e-05  0  0  0  -8.115688904407847e-06  0  0  0  -2.817659533405801e-05  0  0  0  -4.254068597736738e-05  0  0  0  -5.207758106263558e-05  0  0  0  -5.75745130081291e-05  0  0  0  -5.974094512596957e-05  0  0  0  -5.921307138944074e-05  0  0  0  -5.655819726371519e-05  0  0  0  -5.227900159999999e-05
  0  0  0  0  0  0  0  0  0  0  0  0  0  0  0  0  0  0  0  0  0  0  0  0  0  0  0  0  0  0  0  0  0  0  0  0  0  0  0  0  0  0  0  0  0  0  0  0  0  0  0  0  0  0  0  0  0  0  0  0  0  0  0  0  0  0  0  0  0  0  0  0  0  0  0  0  0  0  0  0  0  0  0  0  0  0  0  0  0  0  0  0  0  0  0  0  0  0  0  0  0
  0  0  0  0  0  0  0  0  0  0  0  0  0  0  0  0  0  0  0  0  0  0  0  0  0  0  0  0  0  0  0  0  0  0  0  0  0  0  0  0  0  0  0  0  0  0  0  0  0  0  0  0  0  0  0  0  0  0  0  0  0  0  0  0  0  0  0  0  0  0  0  0  0  0  0  0  0  0  0  0  0  0  0  0  0  0  0  0  0  0  0  0  0  0  0  0  0  0  0  0  0
  0  0  0  0  0  0  0  0  0  0  0  0  0  0  0  0  0  0  0  0  0  0  0  0  0  0  0  0  0  0  0  0  0  0  0  0  0  0  0  0  0  0  0  0  0  0  0  0  0  0  0  0  0  0  0  0  0  0  0  0  0  0  0  0  0  0  0  0  0  0  0  0  0  0  0  0  0  0  0  0  0  0  0  0  0  0  0  0  0  0  0  0  0  0  0  0  0  0  0  0  0
  0.002145940607244317  -3.750147322896456e-81  -5.257491202289642e-67  0  0.001847445906988365  -1.031576802501955e-90  -1.906131950893141e-42  0  0.001581055387274998  0  0  0  0.001344166092946502  0  0  0  0.001134325838099999  0  0  0  0.0009492276159980073  0  0  0  0.0007867041090999994  0  0  0  0.0006447222992149684  0  0  0  0.0005213781777749993  0  0  0  0.0004148915562298439  0  0  0  0.0003236009765624998  0  0  0  0.0002459587219257999  0  0  0  0.0001805259273999998  0  0  0  0.0001259677908713743  0  0  0  8.104888403181799e-05  0  0  0  4.46285634994505e-05  0  0  0  1.56564820602271e-05  0  0  0  -6.831799969445952e-06  0  0  0  -2.371910325909095e-05  0  0  0  -3.581081785953373e-05  0  0  0  -4.383899147727278e-05  0  0  0  -4.846631762784423e-05  0  0  0  -5.029002366818182e-05  0  0  0  -4.984565870797119e-05  0  0  0  -4.76107814e-05  0  0  0  -4.400854760950261e-05
  0  0  0  0  0  0  0  0  0  0  0  0  0  0  0  0  0  0  0  0  0  0  0  0  0  0  0  0  0  0  0  0  0  0  0  0  0  0  0  0  0  0  0  0  0  0  0  0  0  0  0  0  0  0  0  0  0  0  0  0  0  0  0  0  0  0  0  0  0  0  0  0  0  0  0  0  0  0  0  0  0  0  0  0  0  0  0  0  0  0  0  0  0  0  0  0  0  0  0  0  0
  0  0  0  0  0  0  0  0  0  0  0  0  0  0  0  0  0  0  0  0  0  0  0  0  0  0  0  0  0  0  0  0  0  0  0  0  0  0  0  0  0  0  0  0  0  0  0  0  0  0  0  0  0  0  0  0  0  0  0  0  0  0  0  0  0  0  0  0  0  0  0  0  0  0  0  0  0  0  0  0  0  0  0  0  0  0  0  0  0  0  0  0  0  0  0  0  0  0  0  0  0
  0  0  0  0  0  0  0  0  0  0  0  0  0  0  0  0  0  0  0  0  0  0  0  0  0  0  0  0  0  0  0  0  0  0  0  0  0  0  0  0  0  0  0  0  0  0  0  0  0  0  0  0  0  0  0  0  0  0  0  0  0  0  0  0  0  0  0  0  0  0  0  0  0  0  0  0  0  0  0  0  0  0  0  0  0  0  0  0  0  0  0  0  0  0  0  0  0  0  0  0  0
  0.001778803090399998  -3.108554647274087e-81  -4.358015113192219e-67  0  0.001531376254125561  -8.550898371002833e-91  -1.58002201622576e-42  0  0.001310561065615802  0  0  0  0.001114199895408341  0  0  0  0.0009402600889890916  0  0  0  0.0007868293330813713  0  0  0  0.0006521111049268358  0  0  0  0.0005344202045582571  0  0  0  0.0004321783700641349  0  0  0  0.0003439099758451461  0  0  0  0.0002682378138624305  0  0  0  0.0002038789578777171  0  0  0  0.0001496407106852821  0  0  0  0.0001044166343357473  0  0  0  6.71826633517146e-05  0  0  0  3.699330093523741e-05  0  0  0  1.297789816712918e-05  0  0  0  -5.662983801891173e-06  0  0  0  -1.966112856821676e-05  0  0  0  -2.968413630053356e-05  0  0  0  -3.633881257316355e-05  0  0  0  -4.017447420757156e-05  0  0  0  -4.1686172122035e-05  0  0  0  -4.131783118947621e-05  0  0  0  -3.946530710345831e-05  0  0  0  -3.647936025234373e-05
  0  0  0  0  0  0  0  0  0  0  0  0  0  0  0  0  0  0  0  0  0  0  0  0  0  0  0  0  0  0  0  0  0  0  0  0  0  0  0  0  0  0  0  0  0  0  0  0  0  0  0  0  0  0  0  0  0  0  0  0  0  0  0  0  0  0  0  0  0  0  0  0  0  0  0  0  0  0  0  0  0  0  0  0  0  0  0  0  0  0  0  0  0  0  0  0  0  0  0  0  0
  0  0  0  0  0  0  0  0  0  0  0  0  0  0  0  0  0  0  0  0  0  0  0  0  0  0  0  0  0  0  0  0  0  0  0  0  0  0  0  0  0  0  0  0  0  0  0  0  0  0  0  0  0  0  0  0  0  0  0  0  0  0  0  0  0  0  0  0  0  0  0  0  0  0  0  0  0  0  0  0  0  0  0  0  0  0  0  0  0  0  0  0  0  0  0  0  0  0  0  0  0
  0  0  0  0  0  0  0  0  0  0  0  0  0  0  0  0  0  0  0  0  0  0  0  0  0  0  0  0  0  0  0  0  0  0  0  0  0  0  0  0  0  0  0  0  0  0  0  0  0  0  0  0  0  0  0  0  0  0  0  0  0  0  0  0  0  0  0  0  0  0  0  0  0  0  0  0  0  0  0  0  0  0  0  0  0  0  0  0  0  0  0  0  0  0  0  0  0  0  0  0  0
  0.001445673781329165  -2.526393154839036e-81  -3.541858130211313e-67  0  0.001244584356687597  -6.94950984090615e-91  -1.284119875385859e-42  0  0.00106512282422757  0  0  0  0.0009055356293480034  0  0  0  0.000764170787434426  0  0  0  0.0006394741179366078  0  0  0  0.0005299855458955411  0  0  0  0.0004343354709197789  0  0  0  0.0003512412036111299  0  0  0  0.000279503469439708  0  0  0  0.0002180029800683378  0  0  0  0.0001656970721263196  0  0  0  0.0001216164134325452  0  0  0  8.486177666797281e-05  0  0  0  5.460088049745702e-05  0  0  0  3.006529814093494e-05  0  0  0  1.054743339396803e-05  0  0  0  -4.602435902359971e-06  0  0  0  -1.59790469421892e-05  0  0  0  -2.412497358627409e-05  0  0  0  -2.953338054401729e-05  0  0  0  -3.265071010614825e-05  0  0  0  -3.387930142804569e-05  0  0  0  -3.357994236370382e-05  0  0  0  -3.207435385034306e-05  0  0  0  -2.964760684366452e-05
  0  0  0  0  0  0  0  0  0  0  0  0  0  0  0  0  0  0  0  0  0  0  0  0  0  0  0  0  0  0  0  0  0  0  0  0  0  0  0  0  0  0  0  0  0  0  0  0  0  0  0  0  0  0  0  0  0  0  0  0  0  0  0  0  0  0  0  0  0  0  0  0  0  0  0  0  0  0  0  0  0  0  0  0  0  0  0  0  0  0  0  0  0  0  0  0  0  0  0  0  0
  0  0  0  0  0  0  0  0  0  0  0  0  0  0  0  0  0  0  0  0  0  0  0  0  0  0  0  0  0  0  0  0  0  0  0  0  0  0  0  0  0  0  0  0  0  0  0  0  0  0  0  0  0  0  0  0  0  0  0  0  0  0  0  0  0  0  0  0  0  0  0  0  0  0  0  0  0  0  0  0  0  0  0  0  0  0  0  0  0  0  0  0  0  0  0  0  0  0  0  0  0
  0  0  0  0  0  0  0  0  0  0  0  0  0  0  0  0  0  0  0  0  0  0  0  0  0  0  0  0  0  0  0  0  0  0  0  0  0  0  0  0  0  0  0  0  0  0  0  0  0  0  0  0  0  0  0  0  0  0  0  0  0  0  0  0  0  0  0  0  0  0  0  0  0  0  0  0  0  0  0  0  0  0  0  0  0  0  0  0  0  0  0  0  0  0  0  0  0  0  0  0  0
  0.001144498957963635  -2.000073855155143e-81  -2.803988694845742e-67  0  0.0009853021599500586  -5.501729971171232e-91  -1.01660130954874e-42  0  0.0008432275511775204  0  0  0  0.0007168868921693197  0  0  0  0.0006049723535283614  0  0  0  0.0005062535345631484  0  0  0  0.0004195745353115217  0  0  0  0.0003438510819621399  0  0  0  0.0002780677056737054  0  0  0  0.0002212749747919309  0  0  0  0.0001725867804642506  0  0  0  0.000131177675652277  0  0  0  9.628026754199707e-05  0  0  0  6.71826633517146e-05  0  0  0  4.322596953773489e-05  0  0  0  2.380184439779316e-05  0  0  0  8.350104072226161e-06  0  0  0  -3.643618057112745e-06  0  0  0  -1.265015857019513e-05  0  0  0  -1.909905781441585e-05  0  0  0  -2.338074031244754e-05  0  0  0  -2.584864177235218e-05  0  0  0  -2.682128269994926e-05  0  0  0  -2.658428861344018e-05  0  0  0  -2.539235686028966e-05  0  0  0  -2.347117003636361e-05
  0  0  0  0  0  0  0  0  0  0  0  0  0  0  0  0  0  0  0  0  0  0  0  0  0  0  0  0  0  0  0  0  0  0  0  0  0  0  0  0  0  0  0  0  0  0  0  0  0  0  0  0  0  0  0  0  0  0  0  0  0  0  0  0  0  0  0  0  0  0  0  0  0  0  0  0  0  0  0  0  0  0  0  0  0  0  0  0  0  0  0  0  0  0  0  0  0  0  0  0  0
  0  0  0  0  0  0  0  0  0  0  0  0  0  0  0  0  0  0  0  0  0  0  0  0  0  0  0  0  0  0  0  0  0  0  0  0  0  0  0  0  0  0  0  0  0  0  0  0  0  0  0  0  0  0  0  0  0  0  0  0  0  0  0  0  0  0  0  0  0  0  0  0  0  0  0  0  0  0  0  0  0  0  0  0  0  0  0  0  0  0  0  0  0  0  0  0  0  0  0  0  0
  0  0  0  0  0  0  0  0  0  0  0  0  0  0  0  0  0  0  0  0  0  0  0  0  0  0  0  0  0  0  0  0  0  0  0  0  0  0  0  0  0  0  0  0  0  0  0  0  0  0  0  0  0  0  0  0  0  0  0  0  0  0  0  0  0  0  0  0  0  0  0  0  0  0  0  0  0  0  0  0  0  0  0  0  0  0  0  0  0  0  0  0  0  0  0  0  0  0  0  0  0
  0.0008733065495079522  -1.526150447803295e-81  -2.139575291804545e-67  0  0.00075183190298375  -4.198078804717181e-91  -7.757146266405641e-43  0  0.000643422292388211  0  0  0  0.0005470184256889123  0  0  0  0.0004616223675271755  0  0  0  0.0003862952642894374  0  0  0  0.0003201551099236125  0  0  0  0.0002623745525004435  0  0  0  0.0002121787415198437  0  0  0  0.0001688432159622292  0  0  0  0.0001316918330848408  0  0  0  0.0001000947379630583  0  0  0  7.346637377670341e-05  0  0  0  5.126353284133305e-05  0  0  0  3.298344838452406e-05  0  0  0  1.816192706714757e-05  0  0  0  6.371522249633917e-06  0  0  0  -2.780251996772115e-06  0  0  0  -9.652666133765573e-06  0  0  0  -1.457347965474545e-05  0  0  0  -1.784060483858808e-05  0  0  0  -1.972372975843047e-05  0  0  0  -2.046590054546321e-05  0  0  0  -2.028506290773282e-05  0  0  0  -1.937556290395394e-05  0  0  0  -1.790960697233106e-05
  0  0  0  0  0  0  0  0  0  0  0  0  0  0  0  0  0  0  0  0  0  0  0  0  0  0  0  0  0  0  0  0  0  0  0  0  0  0  0  0  0  0  0  0  0  0  0  0  0  0  0  0  0  0  0  0  0  0  0  0  0  0  0  0  0  0  0  0  0  0  0  0  0  0  0  0  0  0  0  0  0  0  0  0  0  0  0  0  0  0  0  0  0  0  0  0  0  0  0  0  0
  0  0  0  0  0  0  0  0  0  0  0  0  0  0  0  0  0  0  0  0  0  0  0  0  0  0  0  0  0  0  0  0  0  0  0  0  0  0  0  0  0  0  0  0  0  0  0  0  0  0  0  0  0  0  0  0  0  0  0  0  0  0  0  0  0  0  0  0  0  0  0  0  0  0  0  0  0  0  0  0  0  0  0  0  0  0  0  0  0  0  0  0  0  0  0  0  0  0  0  0  0
  0  0  0  0  0  0  0  0  0  0  0  0  0  0  0  0  0  0  0  0  0  0  0  0  0  0  0  0  0  0  0  0  0  0  0  0  0  0  0  0  0  0  0  0  0  0  0  0  0  0  0  0  0  0  0  0  0  0  0  0  0  0  0  0  0  0  0  0  0  0  0  0  0  0  0  0  0  0  0  0  0  0  0  0  0  0  0  0  0  0  0  0  0  0  0  0  0  0  0  0  0
  0.0006302041666666644  -1.101315880097009e-81  -1.543981623121894e-67  0  0.0005425444228721797  -3.029459422030462e-91  -5.597789116875367e-43  0  0.0004643128003766049  0  0  0  0.0003947448823174692  0  0  0  0.0003331205286460609  0  0  0  0.0002787622344707802  0  0  0  0.0002310335178033007  0  0  0  0.000189337336707533  0  0  0  0.0001531145358513965  0  0  0  0.0001218423224613952  0  0  0  9.503277167999967e-05  0  0  0  7.223136132583525e-05  0  0  0  5.301553605667476e-05  0  0  0  3.699330093523741e-05  0  0  0  2.380184439779315e-05  0  0  0  1.310619062557282e-05  0  0  0  4.597881318983615e-06  0  0  0  -2.006313125369668e-06  0  0  0  -6.965653034857806e-06  0  0  0  -1.051665947819485e-05  0  0  0  -1.287431487999998e-05  0  0  0  -1.423323423255396e-05  0  0  0  -1.476880690475004e-05  0  0  0  -1.463830904823899e-05  0  0  0  -1.398198660076881e-05  0  0  0  -1.292410888671871e-05
  0  0  0  0  0  0  0  0  0  0  0  0  0  0  0  0  0  0  0  0  0  0  0  0  0  0  0  0  0  0  0  0  0  0  0  0  0  0  0  0  0  0  0  0  0  0  0  0  0  0  0  0  0  0  0  0  0  0  0  0  0  0  0  0  0  0  0  0  0  0  0  0  0  0  0  0  0  0  0  0  0  0  0  0  0  0  0  0  0  0  0  0  0  0  0  0  0  0  0  0  0
  0  0  0  0  0  0  0  0  0  0  0  0  0  0  0  0  0  0  0  0  0  0  0  0  0  0  0  0  0  0  0  0  0  0  0  0  0  0  0  0  0  0  0  0  0  0  0  0  0  0  0  0  0  0  0  0  0  0  0  0  0  0  0  0  0  0  0  0  0  0  0  0  0  0  0  0  0  0  0  0  0  0  0  0  0  0  0  0  0  0  0  0  0  0  0  0  0  0  0  0  0
  0  0  0  0  0  0  0  0  0  0  0  0  0  0  0  0  0  0  0  0  0  0  0  0  0  0  0  0  0  0  0  0  0  0  0  0  0  0  0  0  0  0  0  0  0  0  0  0  0  0  0  0  0  0  0  0  0  0  0  0  0  0  0  0  0  0  0  0  0  0  0  0  0  0  0  0  0  0  0  0  0  0  0  0  0  0  0  0  0  0  0  0  0  0  0  0  0  0  0  0  0
  0.0004133771539624977  -7.223989434030607e-82  -1.012761836394071e-67  0  0.0003558774779471652  -1.987148578448249e-91  -3.671822967873412e-43  0  0.0003045620992689495  0  0  0  0.0002589296050782333  0  0  0  0.0002185076255311839  0  0  0  0.0001828517569588025  0  0  0  0.0001515445043224979  0  0  0  0.0001241942429561839  0  0  0  0.0001004341995949027  0  0  0  7.992145268997106e-05  0  0  0  6.233595201065197e-05  0  0  0  4.737955753235109e-05  0  0  0  3.477509761133676e-05  0  0  0  2.426544644598515e-05  0  0  0  1.56126208245497e-05  0  0  0  8.596896159455119e-06  0  0  0  3.015941808115818e-06  0  0  0  -1.316024319721128e-06  0  0  0  -4.569061868108507e-06  0  0  0  -6.898314854507091e-06  0  0  0  -8.444799202869087e-06  0  0  0  -9.33617099019726e-06  0  0  0  -9.687475406579523e-06  0  0  0  -9.601876428698951e-06  0  0  0  -9.171367206819392e-06  0  0  0  -8.477461165246538e-06
  0  0  0  0  0  0  0  0  0  0  0  0  0  0  0  0  0  0  0  0  0  0  0  0  0  0  0  0  0  0  0  0  0  0  0  0  0  0  0  0  0  0  0  0  0  0  0  0  0  0  0  0  0  0  0  0  0  0  0  0  0  0  0  0  0  0  0  0  0  0  0  0  0  0  0  0  0  0  0  0  0  0  0  0  0  0  0  0  0  0  0  0  0  0  0  0  0  0  0  0  0
  0  0  0  0  0  0  0  0  0  0  0  0  0  0  0  0  0  0  0  0  0  0  0  0  0  0  0  0  0  0  0  0  0  0  0  0  0  0  0  0  0  0  0  0  0  0  0  0  0  0  0  0  0  0  0  0  0  0  0  0  0  0  0  0  0  0  0  0  0  0  0  0  0  0  0  0  0  0  0  0  0  0  0  0  0  0  0  0  0  0  0  0  0  0  0  0  0  0  0  0  0
  0  0  0  0  0  0  0  0  0  0  0  0  0  0  0  0  0  0  0  0  0  0  0  0  0  0  0  0  0  0  0  0  0  0  0  0  0  0  0  0  0  0  0  0  0  0  0  0  0  0  0  0  0  0  0  0  0  0  0  0  0  0  0  0  0  0  0  0  0  0  0  0  0  0  0  0  0  0  0  0  0  0  0  0  0  0  0  0  0  0  0  0  0  0  0  0  0  0  0  0  0
  0.0002210866641454522  -3.86360908067192e-82  -5.416558071385358e-68  0  0.0001903340900425607  -1.062787447635187e-91  -1.963802507028325e-43  0  0.0001628890660914871  0  0  0  0.0001384834214627144  0  0  0  0.0001168645184088131  0  0  0  9.779467634252511e-05  0  0  0  8.105060622986606e-05  0  0  0  6.64228552982479e-05  0  0  0  5.371526205962029e-05  0  0  0  4.274442164863155e-05  0  0  0  3.333916147580893e-05  0  0  0  2.534002719575873e-05  0  0  0  1.859877899038519e-05  0  0  0  1.297789816712918e-05  0  0  0  8.350104072226161e-06  0  0  0  4.597881318983615e-06  0  0  0  1.613017331077812e-06  0  0  0  -7.038497991299931e-07  0  0  0  -2.443673137257947e-06  0  0  0  -3.689428418548635e-06  0  0  0  -4.516535244494623e-06  0  0  0  -4.99326796444468e-06  0  0  0  -5.18115624219059e-06  0  0  0  -5.135375307534504e-06  0  0  0  -4.905125892836949e-06  0  0  0  -4.534003854545409e-06
  0  0  0  0  0  0  0  0  0  0  0  0  0  0  0  0  0  0  0  0  0  0  0  0  0  0  0  0  0  0  0  0  0  0  0  0  0  0  0  0  0  0  0  0  0  0  0  0  0  0  0  0  0  0  0  0  0  0  0  0  0  0  0  0  0  0  0  0  0  0  0  0  0  0  0  0  0  0  0  0  0  0  0  0  0  0  0  0  0  0  0  0  0  0  0  0  0  0  0  0  0
  0  0  0  0  0  0  0  0  0  0  0  0  0  0  0  0  0  0  0  0  0  0  0  0  0  0  0  0  0  0  0  0  0  0  0  0  0  0  0  0  0  0  0  0  0  0  0  0  0  0  0  0  0  0  0  0  0  0  0  0  0  0  0  0  0  0  0  0  0  0  0  0  0  0  0  0  0  0  0  0  0  0  0  0  0  0  0  0  0  0  0  0  0  0  0  0  0  0  0  0  0
  0  0  0  0  0  0  0  0  0  0  0  0  0  0  0  0  0  0  0  0  0  0  0  0  0  0  0  0  0  0  0  0  0  0  0  0  0  0  0  0  0  0  0  0  0  0  0  0  0  0  0  0  0  0  0  0  0  0  0  0  0  0  0  0  0  0  0  0  0  0  0  0  0  0  0  0  0  0  0  0  0  0  0  0  0  0  0  0  0  0  0  0  0  0  0  0  0  0  0  0  0
  5.166775469280076e-05  -9.029219694486061e-83  -1.265844752750572e-68  0  4.448090576610551e-05  -2.483724712535188e-92  -4.589388807797696e-44  0  3.806702833698478e-05  0  0  0  3.236345112361879e-05  0  0  0  2.731113291151017e-05  0  0  0  2.285452796104966e-05  0  0  0  1.894145382569268e-05  0  0  0  1.552296158074656e-05  0  0  0  1.255320846276859e-05  0  0  0  9.989332919574772e-06  0  0  0  7.791332070859339e-06  0  0  0  5.921941579425173e-06  0  0  0  4.346517933024798e-06  0  0  0  3.03292313681224e-06  0  0  0  1.951411816405628e-06  0  0  0  1.074520731560567e-06  0  0  0  3.769607004542563e-07  0  0  0  -1.644890654196143e-07  0  0  0  -5.710842157452111e-07  0  0  0  -8.622161052681472e-07  0  0  0  -1.05551022706829e-06  0  0  0  -1.166922235221826e-06  0  0  0  -1.210831556852559e-06  0  0  0  -1.200132593572433e-06  0  0  0  -1.146323512311306e-06  0  0  0  -1.059592625535954e-06
  0  0  0  0  0  0  0  0  0  0  0  0  0  0  0  0  0  0  0  0  0  0  0  0  0  0  0  0  0  0  0  0  0  0  0  0  0  0  0  0  0  0  0  0  0  0  0  0  0  0  0  0  0  0  0  0  0  0  0  0  0  0  0  0  0  0  0  0  0  0  0  0  0  0  0  0  0  0  0  0  0  0  0  0  0  0  0  0  0  0  0  0  0  0  0  0  0  0  0  0  0
  0  0  0  0  0  0  0  0  0  0  0  0  0  0  0  0  0  0  0  0  0  0  0  0  0  0  0  0  0  0  0  0  0  0  0  0  0  0  0  0  0  0  0  0  0  0  0  0  0  0  0  0  0  0  0  0  0  0  0  0  0  0  0  0  0  0  0  0  0  0  0  0  0  0  0  0  0  0  0  0  0  0  0  0  0  0  0  0  0  0  0  0  0  0  0  0  0  0  0  0  0
  0  0  0  0  0  0  0  0  0  0  0  0  0  0  0  0  0  0  0  0  0  0  0  0  0  0  0  0  0  0  0  0  0  0  0  0  0  0  0  0  0  0  0  0  0  0  0  0  0  0  0  0  0  0  0  0  0  0  0  0  0  0  0  0  0  0  0  0  0  0  0  0  0  0  0  0  0  0  0  0  0  0  0  0  0  0  0  0  0  0  0  0  0  0  0  0  0  0  0  0  0
  -9.647249360000219e-05  1.685909024629423e-82  2.363547642710737e-68  0  -8.305342321060518e-05  4.637536851734045e-92  8.569170172395285e-44  0  -7.10776221929104e-05  0  0  0  -6.042807259500157e-05  0  0  0  -5.099453441861285e-05  0  0  0  -4.267329431214183e-05  0  0  0  -3.53669187646834e-05  0  0  0  -2.898401180108404e-05  0  0  0  -2.343897717801697e-05  0  0  0  -1.865178508107779e-05  0  0  0  -1.454774332290081e-05  0  0  0  -1.105727304229626e-05  0  0  0  -8.115688904407847e-06  0  0  0  -5.662983801891173e-06  0  0  0  -3.643618057112745e-06  0  0  0  -2.006313125369668e-06  0  0  0  -7.038497991299931e-07  0  0  0  3.071290867062813e-07  0  0  0  1.06631144852553e-06  0  0  0  1.609904246698187e-06  0  0  0  1.970817277255728e-06  0  0  0  2.17884246254703e-06  0  0  0  2.260828640874062e-06  0  0  0  2.240851855106895e-06  0  0  0  2.140381140278069e-06  0  0  0  1.978439810156296e-06
  0  0  0  0  0  0  0  0  0  0  0  0  0  0  0  0  0  0  0  0  0  0  0  0  0  0  0  0  0  0  0  0  0  0  0  0  0  0  0  0  0  0  0  0  0  0  0  0  0  0  0  0  0  0  0  0  0  0  0  0  0  0  0  0  0  0  0  0  0  0  0  0  0  0  0  0  0  0  0  0  0  0  0  0  0  0  0  0  0  0  0  0  0  0  0  0  0  0  0  0  0
  0  0  0  0  0  0  0  0  0  0  0  0  0  0  0  0  0  0  0  0  0  0  0  0  0  0  0  0  0  0  0  0  0  0  0  0  0  0  0  0  0  0  0  0  0  0  0  0  0  0  0  0  0  0  0  0  0  0  0  0  0  0  0  0  0  0  0  0  0  0  0  0  0  0  0  0  0  0  0  0  0  0  0  0  0  0  0  0  0  0  0  0  0  0  0  0  0  0  0  0  0
  0  0  0  0  0  0  0  0  0  0  0  0  0  0  0  0  0  0  0  0  0  0  0  0  0  0  0  0  0  0  0  0  0  0  0  0  0  0  0  0  0  0  0  0  0  0  0  0  0  0  0  0  0  0  0  0  0  0  0  0  0  0  0  0  0  0  0  0  0  0  0  0  0  0  0  0  0  0  0  0  0  0  0  0  0  0  0  0  0  0  0  0  0  0  0  0  0  0  0  0  0
  -0.0002248568359375021  3.929494872688184e-82  5.50892616843757e-68  0  -0.0001935798408440284  1.080911070204221e-91  1.997291061599324e-43  0  -0.000165666799269493  0  0  0  -0.0001408449672903803  0  0  0  -0.0001188573989495704  0  0  0  -9.946236051327485e-05  0  0  0  -8.243275521889484e-05  0  0  0  -6.755555851379829e-05  0  0  0  -5.46312637850184e-05  0  0  0  -4.347333857987229e-05  0  0  0  -3.390769131750031e-05  0  0  0  -2.577214849132622e-05  0  0  0  -1.891594236243728e-05  0  0  0  -1.319920914388541e-05  0  0  0  -8.492497675908545e-06  0  0  0  -4.676288592072781e-06  0  0  0  -1.640523976334878e-06  0  0  0  7.158524889746146e-07  0  0  0  2.485344884247709e-06  0  0  0  3.752343922774833e-06  0  0  0  4.593555330000051e-06  0  0  0  5.078417731855844e-06  0  0  0  5.269510052177332e-06  0  0  0  5.222948419195903e-06  0  0  0  4.988772581112369e-06  0  0  0  4.611321830749556e-06
  0  0  0  0  0  0  0  0  0  0  0  0  0  0  0  0  0  0  0  0  0  0  0  0  0  0  0  0  0  0  0  0  0  0  0  0  0  0  0  0  0  0  0  0  0  0  0  0  0  0  0  0  0  0  0  0  0  0  0  0  0  0  0  0  0  0  0  0  0  0  0  0  0  0  0  0  0  0  0  0  0  0  0  0  0  0  0  0  0  0  0  0  0  0  0  0  0  0  0  0  0
  0  0  0  0  0  0  0  0  0  0  0  0  0  0  0  0  0  0  0  0  0  0  0  0  0  0  0  0  0  0  0  0  0  0  0  0  0  0  0  0  0  0  0  0  0  0  0  0  0  0  0  0  0  0  0  0  0  0  0  0  0  0  0  0  0  0  0  0  0  0  0  0  0  0  0  0  0  0  0  0  0  0  0  0  0  0  0  0  0  0  0  0  0  0  0  0  0  0  0  0  0
  0  0  0  0  0  0  0  0  0  0  0  0  0  0  0  0  0  0  0  0  0  0  0  0  0  0  0  0  0  0  0  0  0  0  0  0  0  0  0  0  0  0  0  0  0  0  0  0  0  0  0  0  0  0  0  0  0  0  0  0  0  0  0  0  0  0  0  0  0  0  0  0  0  0  0  0  0  0  0  0  0  0  0  0  0  0  0  0  0  0  0  0  0  0  0  0  0  0  0  0  0
  -0.000334939700751516  5.853252498530279e-82  8.20592389208718e-68  0  -0.0002883504683924588  1.610091278229273e-91  2.975102214244858e-43  0  -0.0002467720758429964  0  0  0  -0.0002097982522964479  0  0  0  -0.0001770462591021145  0  0  0  -0.0001481560172607566  0  0  0  -0.0001227892505470178  0  0  0  -0.000100628644258795  0  0  0  -8.137701959355637e-05  0  0  0  -6.475652365160431e-05  0  0  0  -5.050783506628622e-05  0  0  0  -3.83893852611521e-05  0  0  0  -2.817659533405801e-05  0  0  0  -1.966112856821676e-05  0  0  0  -1.265015857019513e-05  0  0  0  -6.965653034857807e-06  0  0  0  -2.443673137257947e-06  0  0  0  1.06631144852553e-06  0  0  0  3.702091903603998e-06  0  0  0  5.589373991548544e-06  0  0  0  6.842416158712583e-06  0  0  0  7.564652007607918e-06  0  0  0  7.849297143334107e-06  0  0  0  7.779940393061075e-06  0  0  0  7.431119398565115e-06  0  0  0  6.868880581818202e-06
  0  0  0  0  0  0  0  0  0  0  0  0  0  0  0  0  0  0  0  0  0  0  0  0  0  0  0  0  0  0  0  0  0  0  0  0  0  0  0  0  0  0  0  0  0  0  0  0  0  0  0  0  0  0  0  0  0  0  0  0  0  0  0  0  0  0  0  0  0  0  0  0  0  0  0  0  0  0  0  0  0  0  0  0  0  0  0  0  0  0  0  0  0  0  0  0  0  0  0  0  0
  0  0  0  0  0  0  0  0  0  0  0  0  0  0  0  0  0  0  0  0  0  0  0  0  0  0  0  0  0  0  0  0  0  0  0  0  0  0  0  0  0  0  0  0  0  0  0  0  0  0  0  0  0  0  0  0  0  0  0  0  0  0  0  0  0  0  0  0  0  0  0  0  0  0  0  0  0  0  0  0  0  0  0  0  0  0  0  0  0  0  0  0  0  0  0  0  0  0  0  0  0
  0  0  0  0  0  0  0  0  0  0  0  0  0  0  0  0  0  0  0  0  0  0  0  0  0  0  0  0  0  0  0  0  0  0  0  0  0  0  0  0  0  0  0  0  0  0  0  0  0  0  0  0  0  0  0  0  0  0  0  0  0  0  0  0  0  0  0  0  0  0  0  0  0  0  0  0  0  0  0  0  0  0  0  0  0  0  0  0  0  0  0  0  0  0  0  0  0  0  0  0  0
  -0.0004281090048375008  7.481436499125047e-82  1.048854436584079e-67  0  -0.0003685601670716965  2.057966175026965e-91  3.802678647447398e-43  0  -0.0003154160213727703  0  0  0  -0.0002681572856420267  0  0  0  -0.0002262947558152839  0  0  0  -0.0001893681906560401  0  0  0  -0.0001569452165224949  0  0  0  -0.0001286202521084226  0  0  0  -0.0001040134531579011  0  0  0  -8.276967715389267e-05  0  0  0  -6.455746798067965e-05  0  0  0  -4.9068060560154e-05  0  0  0  -3.601440546195969e-05  0  0  0  -2.513021348748947e-05  0  0  0  -1.616902022773515e-05  0  0  0  -8.903270594991703e-06  0  0  0  -3.123423328415027e-06  0  0  0  1.36292452656654e-06  0  0  0  4.731893164986961e-06  0  0  0  7.144155595223587e-06  0  0  0  8.745753238024352e-06  0  0  0  9.668891551681397e-06  0  0  0  1.003271568335093e-05  0  0  0  9.944066146519287e-06  0  0  0  9.498214524615323e-06  0  0  0  8.779579200769062e-06
  0  0  0  0  0  0  0  0  0  0  0  0  0  0  0  0  0  0  0  0  0  0  0  0  0  0  0  0  0  0  0  0  0  0  0  0  0  0  0  0  0  0  0  0  0  0  0  0  0  0  0  0  0  0  0  0  0  0  0  0  0  0  0  0  0  0  0  0  0  0  0  0  0  0  0  0  0  0  0  0  0  0  0  0  0  0  0  0  0  0  0  0  0  0  0  0  0  0  0  0  0
  0  0  0  0  0  0  0  0  0  0  0  0  0  0  0  0  0  0  0  0  0  0  0  0  0  0  0  0  0  0  0  0  0  0  0  0  0  0  0  0  0  0  0  0  0  0  0  0  0  0  0  0  0  0  0  0  0  0  0  0  0  0  0  0  0  0  0  0  0  0  0  0  0  0  0  0  0  0  0  0  0  0  0  0  0  0  0  0  0  0  0  0  0  0  0  0  0  0  0  0  0
  0  0  0  0  0  0  0  0  0  0  0  0  0  0  0  0  0  0  0  0  0  0  0  0  0  0  0  0  0  0  0  0  0  0  0  0  0  0  0  0  0  0  0  0  0  0  0  0  0  0  0  0  0  0  0  0  0  0  0  0  0  0  0  0  0  0  0  0  0  0  0  0  0  0  0  0  0  0  0  0  0  0  0  0  0  0  0  0  0  0  0  0  0  0  0  0  0  0  0  0  0
  -0.0005056879464000009  8.837170479047948e-82  1.238920555548829e-67  0  -0.0004353480816925847  2.430896517126682e-91  4.491773670532152e-43  0  -0.0003725735228816266  0  0  0  -0.0003167508871718002  0  0  0  -0.0002673023203348806  0  0  0  -0.00022368417941287  0  0  0  -0.0001853857390145039  0  0  0  -0.0001519279212051304  0  0  0  -0.0001228620489899685  0  0  0  -9.776862339074221e-05  0  0  0  -7.625612411569167e-05  0  0  0  -5.795983382296193e-05  0  0  0  -4.254068597736738e-05  0  0  0  -2.968413630053356e-05  0  0  0  -1.909905781441585e-05  0  0  0  -1.051665947819485e-05  0  0  0  -3.689428418548635e-06  0  0  0  1.609904246698187e-06  0  0  0  5.589373991548544e-06  0  0  0  8.438769871430256e-06  0  0  0  1.033059791941636e-05  0  0  0  1.142102094906878e-05  0  0  0  1.185077476390518e-05  0  0  0  1.174606077348883e-05  0  0  0  1.121941501614181e-05  0  0  0  1.037055358828127e-05
  0  0  0  0  0  0  0  0  0  0  0  0  0  0  0  0  0  0  0  0  0  0  0  0  0  0  0  0  0  0  0  0  0  0  0  0  0  0  0  0  0  0  0  0  0  0  0  0  0  0  0  0  0  0  0  0  0  0  0  0  0  0  0  0  0  0  0  0  0  0  0  0  0  0  0  0  0  0  0  0  0  0  0  0  0  0  0  0  0  0  0  0  0  0  0  0  0  0  0  0  0
  0  0  0  0  0  0  0  0  0  0  0  0  0  0  0  0  0  0  0  0  0  0  0  0  0  0  0  0  0  0  0  0  0  0  0  0  0  0  0  0  0  0  0  0  0  0  0  0  0  0  0  0  0  0  0  0  0  0  0  0  0  0  0  0  0  0  0  0  0  0  0  0  0  0  0  0  0  0  0  0  0  0  0  0  0  0  0  0  0  0  0  0  0  0  0  0  0  0  0  0  0
  0  0  0  0  0  0  0  0  0  0  0  0  0  0  0  0  0  0  0  0  0  0  0  0  0  0  0  0  0  0  0  0  0  0  0  0  0  0  0  0  0  0  0  0  0  0  0  0  0  0  0  0  0  0  0  0  0  0  0  0  0  0  0  0  0  0  0  0  0  0  0  0  0  0  0  0  0  0  0  0  0  0  0  0  0  0  0  0  0  0  0  0  0  0  0  0  0  0  0  0  0
  -0.0005689367760071978  9.942477998869529e-82  1.393878322829243e-67  0  -0.0004897991652804339  2.73494046497838e-91  5.053581460383757e-43  0  -0.0004191730897343694  0  0  0  -0.0003563684478300695  0  0  0  -0.0003007351103248877  0  0  0  -0.0002516614382149205  0  0  0  -0.000208572827221779  0  0  0  -0.0001709302788236724  0  0  0  -0.0001382289978308072  0  0  0  -0.0001099970165050995  0  0  0  -8.57938452242022e-05  0  0  0  -6.520914968984683e-05  0  0  0  -4.786145468049851e-05  0  0  0  -3.33968743483259e-05  0  0  0  -2.148786906048511e-05  0  0  0  -1.183202878471795e-05  0  0  0  -4.15088301926429e-06  0  0  0  1.811262732911289e-06  0  0  0  6.288463945578643e-06  0  0  0  9.494247506387065e-06  0  0  0  1.162269560969586e-05  0  0  0  1.284950310509091e-05  0  0  0  1.333300830158696e-05  0  0  0  1.32151972275156e-05  0  0  0  1.262268134609912e-05  0  0  0  1.166764872671011e-05
  0  0  0  0  0  0  0  0  0  0  0  0  0  0  0  0  0  0  0  0  0  0  0  0  0  0  0  0  0  0  0  0  0  0  0  0  0  0  0  0  0  0  0  0  0  0  0  0  0  0  0  0  0  0  0  0  0  0  0  0  0  0  0  0  0  0  0  0  0  0  0  0  0  0  0  0  0  0  0  0  0  0  0  0  0  0  0  0  0  0  0  0  0  0  0  0  0  0  0  0  0
  0  0  0  0  0  0  0  0  0  0  0  0  0  0  0  0  0  0  0  0  0  0  0  0  0  0  0  0  0  0  0  0  0  0  0  0  0  0  0  0  0  0  0  0  0  0  0  0  0  0  0  0  0  0  0  0  0  0  0  0  0  0  0  0  0  0  0  0  0  0  0  0  0  0  0  0  0  0  0  0  0  0  0  0  0  0  0  0  0  0  0  0  0  0  0  0  0  0  0  0  0
  0  0  0  0  0  0  0  0  0  0  0  0  0  0  0  0  0  0  0  0  0  0  0  0  0  0  0  0  0  0  0  0  0  0  0  0  0  0  0  0  0  0  0  0  0  0  0  0  0  0  0  0  0  0  0  0  0  0  0  0  0  0  0  0  0  0  0  0  0  0  0  0  0  0  0  0  0  0  0  0  0  0  0  0  0  0  0  0  0  0  0  0  0  0  0  0  0  0  0  0  0
  -0.0006190545454545465  1.081831313749375e-81  1.516665379963214e-67  0  -0.0005329456846763222  2.975861989928768e-91  5.498752595729215e-43  0  -0.0004560981421404985  0  0  0  -0.000387761025107287  0  0  0  -0.0003272269343018194  0  0  0  -0.0002738303513018187  0  0  0  -0.00022694605480788  0  0  0  -0.0001859875657963597  0  0  0  -0.0001504056215548725  0  0  0  -0.0001196866786003989  0  0  0  -9.335144448000016e-05  0  0  0  -7.095343845414363e-05  0  0  0  -5.207758106263558e-05  0  0  0  -3.633881257316355e-05  0  0  0  -2.338074031244753e-05  0  0  0  -1.287431487999998e-05  0  0  0  -4.516535244494622e-06  0  0  0  1.970817277255728e-06  0  0  0  6.842416158712582e-06  0  0  0  1.033059791941636e-05  0  0  0  1.264654149818186e-05  0  0  0  1.398141874368515e-05  0  0  0  1.450751602244146e-05  0  0  0  1.437932694417411e-05  0  0  0  1.373461620457475e-05  0  0  0  1.269545454545457e-05
  0  0  0  0  0  0  0  0  0  0  0  0  0  0  0  0  0  0  0  0  0  0  0  0  0  0  0  0  0  0  0  0  0  0  0  0  0  0  0  0  0  0  0  0  0  0  0  0  0  0  0  0  0  0  0  0  0  0  0  0  0  0  0  0  0  0  0  0  0  0  0  0  0  0  0  0  0  0  0  0  0  0  0  0  0  0  0  0  0  0  0  0  0  0  0  0  0  0  0  0  0
  0  0  0  0  0  0  0  0  0  0  0  0  0  0  0  0  0  0  0  0  0  0  0  0  0  0  0  0  0  0  0  0  0  0  0  0  0  0  0  0  0  0  0  0  0  0  0  0  0  0  0  0  0  0  0  0  0  0  0  0  0  0  0  0  0  0  0  0  0  0  0  0  0  0  0  0  0  0  0  0  0  0  0  0  0  0  0  0  0  0  0  0  0  0  0  0  0  0  0  0  0
  0  0  0  0  0  0  0  0  0  0  0  0  0  0  0  0  0  0  0  0  0  0  0  0  0  0  0  0  0  0  0  0  0  0  0  0  0  0  0  0  0  0  0  0  0  0  0  0  0  0  0  0  0  0  0  0  0  0  0  0  0  0  0  0  0  0  0  0  0  0  0  0  0  0  0  0  0  0  0  0  0  0  0  0  0  0  0  0  0  0  0  0  0  0  0  0  0  0  0  0  0
  -0.0006571808345375007  1.148459066844565e-81  1.610073663842508e-67  0  -0.0005657687071202698  3.159139175004101e-91  5.837409395198285e-43  0  -0.0004841882833810878  0  0  0  -0.0004116424246493708  0  0  0  -0.0003473801643920038  0  0  0  -0.0002906949962835532  0  0  0  -0.0002409231929379102  0  0  0  -0.0001974421553013609  0  0  0  -0.0001596687927070881  0  0  0  -0.0001270579335910991  0  0  0  -9.910076686958458e-05  0  0  0  -7.532331397770669e-05  0  0  0  -5.528493156981445e-05  0  0  0  -3.857684488108955e-05  0  0  0  -2.482071175062076e-05  0  0  0  -1.366721730590729e-05  0  0  0  -4.794699308791274e-06  0  0  0  2.092195837180783e-06  0  0  0  7.263826417967527e-06  0  0  0  1.096683807881335e-05  0  0  0  1.342541583259972e-05  0  0  0  1.484250540676776e-05  0  0  0  1.540100392881175e-05  0  0  0  1.526491995034347e-05  0  0  0  1.458050280972769e-05  0  0  0  1.347734133328859e-05
  0  0  0  0  0  0  0  0  0  0  0  0  0  0  0  0  0  0  0  0  0  0  0  0  0  0  0  0  0  0  0  0  0  0  0  0  0  0  0  0  0  0  0  0  0  0  0  0  0  0  0  0  0  0  0  0  0  0  0  0  0  0  0  0  0  0  0  0  0  0  0  0  0  0  0  0  0  0  0  0  0  0  0  0  0  0  0  0  0  0  0  0  0  0  0  0  0  0  0  0  0
  0  0  0  0  0  0  0  0  0  0  0  0  0  0  0  0  0  0  0  0  0  0  0  0  0  0  0  0  0  0  0  0  0  0  0  0  0  0  0  0  0  0  0  0  0  0  0  0  0  0  0  0  0  0  0  0  0  0  0  0  0  0  0  0  0  0  0  0  0  0  0  0  0  0  0  0  0  0  0  0  0  0  0  0  0  0  0  0  0  0  0  0  0  0  0  0  0  0  0  0  0
  0  0  0  0  0  0  0  0  0  0  0  0  0  0  0  0  0  0  0  0  0  0  0  0  0  0  0  0  0  0  0  0  0  0  0  0  0  0  0  0  0  0  0  0  0  0  0  0  0  0  0  0  0  0  0  0  0  0  0  0  0  0  0  0  0  0  0  0  0  0  0  0  0  0  0  0  0  0  0  0  0  0  0  0  0  0  0  0  0  0  0  0  0  0  0  0  0  0  0  0  0
  -0.0006843974557333338  1.196021585010857e-81  1.676753583132955e-67  0  -0.0005891995678162994  3.289972409499617e-91  6.0791610591614e-43  0  -0.0005042405557598432  0  0  0  -0.0004286902680298017  0  0  0  -0.0003617666374118038  0  0  0  -0.000302733898183274  0  0  0  -0.0002509008352166847  0  0  0  -0.0002056190650140549  0  0  0  -0.000166281348672697  0  0  0  -0.0001323199367822115  0  0  0  -0.0001032049462527284  0  0  0  -7.844276907439829e-05  0  0  0  -5.75745130081291e-05  0  0  0  -4.017447420757156e-05  0  0  0  -2.584864177235218e-05  0  0  0  -1.423323423255396e-05  0  0  0  -4.99326796444468e-06  0  0  0  2.17884246254703e-06  0  0  0  7.564652007607917e-06  0  0  0  1.142102094906878e-05  0  0  0  1.398141874368515e-05  0  0  0  1.54571959546706e-05  0  0  0  1.60388242484822e-05  0  0  0  1.589710446035827e-05  0  0  0  1.518434272860849e-05  0  0  0  1.403549469765626e-05
  0  0  0  0  0  0  0  0  0  0  0  0  0  0  0  0  0  0  0  0  0  0  0  0  0  0  0  0  0  0  0  0  0  0  0  0  0  0  0  0  0  0  0  0  0  0  0  0  0  0  0  0  0  0  0  0  0  0  0  0  0  0  0  0  0  0  0  0  0  0  0  0  0  0  0  0  0  0  0  0  0  0  0  0  0  0  0  0  0  0  0  0  0  0  0  0  0  0  0  0  0
  0  0  0  0  0  0  0  0  0  0  0  0  0  0  0  0  0  0  0  0  0  0  0  0  0  0  0  0  0  0  0  0  0  0  0  0  0  0  0  0  0  0  0  0  0  0  0  0  0  0  0  0  0  0  0  0  0  0  0  0  0  0  0  0  0  0  0  0  0  0  0  0  0  0  0  0  0  0  0  0  0  0  0  0  0  0  0  0  0  0  0  0  0  0  0  0  0  0  0  0  0
  0  0  0  0  0  0  0  0  0  0  0  0  0  0  0  0  0  0  0  0  0  0  0  0  0  0  0  0  0  0  0  0  0  0  0  0  0  0  0  0  0  0  0  0  0  0  0  0  0  0  0  0  0  0  0  0  0  0  0  0  0  0  0  0  0  0  0  0  0  0  0  0  0  0  0  0  0  0  0  0  0  0  0  0  0  0  0  0  0  0  0  0  0  0  0  0  0  0  0  0  0
  -0.0007017301367920458  1.226311382991061e-81  1.719218140572543e-67  0  -0.0006041213184793673  3.373292477375552e-91  6.233118615345013e-43  0  -0.0005170106802783341  0  0  0  -0.0004395470466844983  0  0  0  -0.0003709285442707689  0  0  0  -0.0003104007737084744  0  0  0  -0.0002572550145283473  0  0  0  -0.0002108264626214297  0  0  0  -0.0001704925004798997  0  0  0  -0.0001356710001778192  0  0  0  -0.0001058186590918028  0  0  0  -8.042936836160912e-05  0  0  0  -5.903261409065182e-05  0  0  0  -4.119191128643265e-05  0  0  0  -2.650327054089578e-05  0  0  0  -1.459369745070322e-05  0  0  0  -5.119724777431614e-06  0  0  0  2.234022652309777e-06  0  0  0  7.756230306839792e-06  0  0  0  1.171026356944493e-05  0  0  0  1.433550461849737e-05  0  0  0  1.584865656765205e-05  0  0  0  1.644501486612237e-05  0  0  0  1.629970595903448e-05  0  0  0  1.556889320786055e-05  0  0  0  1.439095007093063e-05
  0  0  0  0  0  0  0  0  0  0  0  0  0  0  0  0  0  0  0  0  0  0  0  0  0  0  0  0  0  0  0  0  0  0  0  0  0  0  0  0  0  0  0  0  0  0  0  0  0  0  0  0  0  0  0  0  0  0  0  0  0  0  0  0  0  0  0  0  0  0  0  0  0  0  0  0  0  0  0  0  0  0  0  0  0  0  0  0  0  0  0  0  0  0  0  0  0  0  0  0  0
  0  0  0  0  0  0  0  0  0  0  0  0  0  0  0  0  0  0  0  0  0  0  0  0  0  0  0  0  0  0  0  0  0  0  0  0  0  0  0  0  0  0  0  0  0  0  0  0  0  0  0  0  0  0  0  0  0  0  0  0  0  0  0  0  0  0  0  0  0  0  0  0  0  0  0  0  0  0  0  0  0  0  0  0  0  0  0  0  0  0  0  0  0  0  0  0  0  0  0  0  0
  0  0  0  0  0  0  0  0  0  0  0  0  0  0  0  0  0  0  0  0  0  0  0  0  0  0  0  0  0  0  0  0  0  0  0  0  0  0  0  0  0  0  0  0  0  0  0  0  0  0  0  0  0  0  0  0  0  0  0  0  0  0  0  0  0  0  0  0  0  0  0  0  0  0  0  0  0  0  0  0  0  0  0  0  0  0  0  0  0  0  0  0  0  0  0  0  0  0  0  0  0
  -0.0007101501812363641  1.241025866246065e-81  1.739847001147458e-67  0  -0.0006113701568641778  3.413768539459806e-91  6.307909668224456e-43  0  -0.0005232142800354027  0  0  0  -0.0004448211620094742  0  0  0  -0.000375379307697724  0  0  0  -0.0003141252657505636  0  0  0  -0.0002603418117774362  0  0  0  -0.0002133561646995334  0  0  0  -0.0001725382362352804  0  0  0  -0.0001372989135185867  0  0  0  -0.0001070883748498638  0  0  0  -8.139443857981166e-05  0  0  0  -5.974094512596957e-05  0  0  0  -4.1686172122035e-05  0  0  0  -2.682128269994926e-05  0  0  0  -1.476880690475004e-05  0  0  0  -5.18115624219059e-06  0  0  0  2.260828640874063e-06  0  0  0  7.849297143334107e-06  0  0  0  1.185077476390518e-05  0  0  0  1.450751602244146e-05  0  0  0  1.60388242484822e-05  0  0  0  1.664233823703135e-05  0  0  0  1.649528577157011e-05  0  0  0  1.575570401430291e-05  0  0  0  1.456362676363638e-05
  0  0  0  0  0  0  0  0  0  0  0  0  0  0  0  0  0  0  0  0  0  0  0  0  0  0  0  0  0  0  0  0  0  0  0  0  0  0  0  0  0  0  0  0  0  0  0  0  0  0  0  0  0  0  0  0  0  0  0  0  0  0  0  0  0  0  0  0  0  0  0  0  0  0  0  0  0  0  0  0  0  0  0  0  0  0  0  0  0  0  0  0  0  0  0  0  0  0  0  0  0
  0  0  0  0  0  0  0  0  0  0  0  0  0  0  0  0  0  0  0  0  0  0  0  0  0  0  0  0  0  0  0  0  0  0  0  0  0  0  0  0  0  0  0  0  0  0  0  0  0  0  0  0  0  0  0  0  0  0  0  0  0  0  0  0  0  0  0  0  0  0  0  0  0  0  0  0  0  0  0  0  0  0  0  0  0  0  0  0  0  0  0  0  0  0  0  0  0  0  0  0  0
  0  0  0  0  0  0  0  0  0  0  0  0  0  0  0  0  0  0  0  0  0  0  0  0  0  0  0  0  0  0  0  0  0  0  0  0  0  0  0  0  0  0  0  0  0  0  0  0  0  0  0  0  0  0  0  0  0  0  0  0  0  0  0  0  0  0  0  0  0  0  0  0  0  0  0  0  0  0  0  0  0  0  0  0  0  0  0  0  0  0  0  0  0  0  0  0  0  0  0  0  0
  -0.0007105761067708337  1.241770194163367e-81  1.740890506146033e-67  0  -0.0006117368372758729  3.4158160094572e-91  6.311692952194259e-43  0  -0.0005235280873507486  0  0  0  -0.0004450879516212749  0  0  0  -0.0003756044482897908  0  0  0  -0.0003143136681128249  0  0  0  -0.0002604979565313993  0  0  0  -0.000213484128953973  0  0  0  -0.0001726417191920221  0  0  0  -0.0001373812610482609  0  0  0  -0.0001071526030575001  0  0  0  -8.144325638014594e-05  0  0  0  -5.977677584833621e-05  0  0  0  -4.171117416471582e-05  0  0  0  -2.683736925385149e-05  0  0  0  -1.477766476628495e-05  0  0  0  -5.184263735225068e-06  0  0  0  2.262184614121203e-06  0  0  0  7.85400490257901e-06  0  0  0  1.185788248239707e-05  0  0  0  1.451621717000003e-05  0  0  0  1.604844382610226e-05  0  0  0  1.665231978318274e-05  0  0  0  1.6505179120321e-05  0  0  0  1.576515378539436e-05  0  0  0  1.457236156463624e-05
  0  0  0  0  0  0  0  0  0  0  0  0  0  0  0  0  0  0  0  0  0  0  0  0  0  0  0  0  0  0  0  0  0  0  0  0  0  0  0  0  0  0  0  0  0  0  0  0  0  0  0  0  0  0  0  0  0  0  0  0  0  0  0  0  0  0  0  0  0  0  0  0  0  0  0  0  0  0  0  0  0  0  0  0  0  0  0  0  0  0  0  0  0  0  0  0  0  0  0  0  0
  0  0  0  0  0  0  0  0  0  0  0  0  0  0  0  0  0  0  0  0  0  0  0  0  0  0  0  0  0  0  0  0  0  0  0  0  0  0  0  0  0  0  0  0  0  0  0  0  0  0  0  0  0  0  0  0  0  0  0  0  0  0  0  0  0  0  0  0  0  0  0  0  0  0  0  0  0  0  0  0  0  0  0  0  0  0  0  0  0  0  0  0  0  0  0  0  0  0  0  0  0
  0  0  0  0  0  0  0  0  0  0  0  0  0  0  0  0  0  0  0  0  0  0  0  0  0  0  0  0  0  0  0  0  0  0  0  0  0  0  0  0  0  0  0  0  0  0  0  0  0  0  0  0  0  0  0  0  0  0  0  0  0  0  0  0  0  0  0  0  0  0  0  0  0  0  0  0  0  0  0  0  0  0  0  0  0  0  0  0  0  0  0  0  0  0  0  0  0  0  0  0  0
  -0.0007038752616000005  1.230060104660558e-81  1.724473633090632e-67  0  -0.0006059680620626039  3.38360432376537e-91  6.252172688515969e-43  0  -0.0005185911346126921  0  0  0  -0.0004408907017801973  0  0  0  -0.0003720624388843468  0  0  0  -0.0003113496404667617  0  0  0  -0.00025804141956456  0  0  0  -0.0002114709398234635  0  0  0  -0.000171013680450909  0  0  0  -0.0001360857340091634  0  0  0  -0.000106142137048443  0  0  0  -8.067523358003816e-05  0  0  0  -5.921307138944074e-05  0  0  0  -4.131783118947621e-05  0  0  0  -2.658428861344018e-05  0  0  0  -1.463830904823899e-05  0  0  0  -5.135375307534504e-06  0  0  0  2.240851855106895e-06  0  0  0  7.779940393061075e-06  0  0  0  1.174606077348883e-05  0  0  0  1.437932694417412e-05  0  0  0  1.589710446035828e-05  0  0  0  1.649528577157011e-05  0  0  0  1.634953266845148e-05  0  0  0  1.561648588957899e-05  0  0  0  1.443494188828126e-05
  0  0  0  0  0  0  0  0  0  0  0  0  0  0  0  0  0  0  0  0  0  0  0  0  0  0  0  0  0  0  0  0  0  0  0  0  0  0  0  0  0  0  0  0  0  0  0  0  0  0  0  0  0  0  0  0  0  0  0  0  0  0  0  0  0  0  0  0  0  0  0  0  0  0  0  0  0  0  0  0  0  0  0  0  0  0  0  0  0  0  0  0  0  0  0  0  0  0  0  0  0
  0  0  0  0  0  0  0  0  0  0  0  0  0  0  0  0  0  0  0  0  0  0  0  0  0  0  0  0  0  0  0  0  0  0  0  0  0  0  0  0  0  0  0  0  0  0  0  0  0  0  0  0  0  0  0  0  0  0  0  0  0  0  0  0  0  0  0  0  0  0  0  0  0  0  0  0  0  0  0  0  0  0  0  0  0  0  0  0  0  0  0  0  0  0  0  0  0  0  0  0  0
  0  0  0  0  0  0  0  0  0  0  0  0  0  0  0  0  0  0  0  0  0  0  0  0  0  0  0  0  0  0  0  0  0  0  0  0  0  0  0  0  0  0  0  0  0  0  0  0  0  0  0  0  0  0  0  0  0  0  0  0  0  0  0  0  0  0  0  0  0  0  0  0  0  0  0  0  0  0  0  0  0  0  0  0  0  0  0  0  0  0  0  0  0  0  0  0  0  0  0  0  0
  -0.0006908654186556822  1.207324700183735e-81  1.692599901547447e-67  0  -0.0005947678540899766  3.321064605097264e-91  6.136612746043416e-43  0  -0.0005090059288501104  0  0  0  -0.0004327416459762865  0  0  0  -0.0003651855472539145  0  0  0  -0.0003055949135368296  0  0  0  -0.0002532719973035293  0  0  0  -0.0002075622874464261  0  0  0  -0.0001678528062941177  0  0  0  -0.0001335704388666732  0  0  0  -0.0001041802943639372  0  0  0  -7.918409988685128e-05  0  0  0  -5.811862639179128e-05  0  0  0  -4.055414687792214e-05  0  0  0  -2.609292680756977e-05  0  0  0  -1.436774675960977e-05  0  0  0  -5.04045731587319e-06  0  0  0  2.199433819430863e-06  0  0  0  7.636142467275466e-06  0  0  0  1.152895638835937e-05  0  0  0  1.411355146463323e-05  0  0  0  1.560327564780908e-05  0  0  0  1.619040067485288e-05  0  0  0  1.604734155045985e-05  0  0  0  1.532784379651301e-05  0  0  0  1.416813846852474e-05
  0  0  0  0  0  0  0  0  0  0  0  0  0  0  0  0  0  0  0  0  0  0  0  0  0  0  0  0  0  0  0  0  0  0  0  0  0  0  0  0  0  0  0  0  0  0  0  0  0  0  0  0  0  0  0  0  0  0  0  0  0  0  0  0  0  0  0  0  0  0  0  0  0  0  0  0  0  0  0  0  0  0  0  0  0  0  0  0  0  0  0  0  0  0  0  0  0  0  0  0  0
  0  0  0  0  0  0  0  0  0  0  0  0  0  0  0  0  0  0  0  0  0  0  0  0  0  0  0  0  0  0  0  0  0  0  0  0  0  0  0  0  0  0  0  0  0  0  0  0  0  0  0  0  0  0  0  0  0  0  0  0  0  0  0  0  0  0  0  0  0  0  0  0  0  0  0  0  0  0  0  0  0  0  0  0  0  0  0  0  0  0  0  0  0  0  0  0  0  0  0  0  0
  0  0  0  0  0  0  0  0  0  0  0  0  0  0  0  0  0  0  0  0  0  0  0  0  0  0  0  0  0  0  0  0  0  0  0  0  0  0  0  0  0  0  0  0  0  0  0  0  0  0  0  0  0  0  0  0  0  0  0  0  0  0  0  0  0  0  0  0  0  0  0  0  0  0  0  0  0  0  0  0  0  0  0  0  0  0  0  0  0  0  0  0  0  0  0  0  0  0  0  0  0
  -0.0006723163477333337  1.174909195100866e-81  1.647155224814234e-67  0  -0.0005787989101973798  3.231897219910262e-91  5.971850605725495e-43  0  -0.0004953396100285541  0  0  0  -0.0004211229496781172  0  0  0  -0.0003553806671239894  0  0  0  -0.0002973899845135566  0  0  0  -0.0002464718881740703  0  0  0  -0.0002019894399906361  0  0  0  -0.000163346120151796  0  0  0  -0.0001299842012627008  0  0  0  -0.000101383153825874  0  0  0  -7.705808308956886e-05  0  0  0  -5.655819726371518e-05  0  0  0  -3.94653071034583e-05  0  0  0  -2.539235686028966e-05  0  0  0  -1.398198660076881e-05  0  0  0  -4.905125892836948e-06  0  0  0  2.140381140278069e-06  0  0  0  7.431119398565114e-06  0  0  0  1.121941501614181e-05  0  0  0  1.373461620457475e-05  0  0  0  1.518434272860849e-05  0  0  0  1.575570401430291e-05  0  0  0  1.561648588957899e-05  0  0  0  1.491630595717313e-05  0  0  0  1.378773760000001e-05
  0  0  0  0  0  0  0  0  0  0  0  0  0  0  0  0  0  0  0  0  0  0  0  0  0  0  0  0  0  0  0  0  0  0  0  0  0  0  0  0  0  0  0  0  0  0  0  0  0  0  0  0  0  0  0  0  0  0  0  0  0  0  0  0  0  0  0  0  0  0  0  0  0  0  0  0  0  0  0  0  0  0  0  0  0  0  0  0  0  0  0  0  0  0  0  0  0  0  0  0  0
  0  0  0  0  0  0  0  0  0  0  0  0  0  0  0  0  0  0  0  0  0  0  0  0  0  0  0  0  0  0  0  0  0  0  0  0  0  0  0  0  0  0  0  0  0  0  0  0  0  0  0  0  0  0  0  0  0  0  0  0  0  0  0  0  0  0  0  0  0  0  0  0  0  0  0  0  0  0  0  0  0  0  0  0  0  0  0  0  0  0  0  0  0  0  0  0  0  0  0  0  0
  0  0  0  0  0  0  0  0  0  0  0  0  0  0  0  0  0  0  0  0  0  0  0  0  0  0  0  0  0  0  0  0  0  0  0  0  0  0  0  0  0  0  0  0  0  0  0  0  0  0  0  0  0  0  0  0  0  0  0  0  0  0  0  0  0  0  0  0  0  0  0  0  0  0  0  0  0  0  0  0  0  0  0  0  0  0  0  0  0  0  0  0  0  0  0  0  0  0  0  0  0
  -0.0006489513655375003  1.13407762449009e-81  1.589911707485954e-67  0  -0.0005586839356361877  3.119579229641909e-91  5.764311128886391e-43  0  -0.000478125093070536  0  0  0  -0.0004064876812443519  0  0  0  -0.0003430301375137993  0  0  0  -0.0002870548026950499  0  0  0  -0.0002379062608494097  0  0  0  -0.0001949697093459196  0  0  0  -0.0001576693592014302  0  0  0  -0.0001254668656981531  0  0  0  -9.785978927868532e-05  0  0  0  -7.438008671851086e-05  0  0  0  -5.459263257597492e-05  0  0  0  -3.809377091973435e-05  0  0  0  -2.450989733368264e-05  0  0  0  -1.349607119934989e-05  0  0  0  -4.734658255777623e-06  0  0  0  2.065996563131463e-06  0  0  0  7.172866013788794e-06  0  0  0  1.082950715062045e-05  0  0  0  1.325729765629251e-05  0  0  0  1.465664189446175e-05  0  0  0  1.520814668505138e-05  0  0  0  1.507376680205172e-05  0  0  0  1.439792019384615e-05  0  0  0  1.330857292606202e-05
  0  0  0  0  0  0  0  0  0  0  0  0  0  0  0  0  0  0  0  0  0  0  0  0  0  0  0  0  0  0  0  0  0  0  0  0  0  0  0  0  0  0  0  0  0  0  0  0  0  0  0  0  0  0  0  0  0  0  0  0  0  0  0  0  0  0  0  0  0  0  0  0  0  0  0  0  0  0  0  0  0  0  0  0  0  0  0  0  0  0  0  0  0  0  0  0  0  0  0  0  0
  0  0  0  0  0  0  0  0  0  0  0  0  0  0  0  0  0  0  0  0  0  0  0  0  0  0  0  0  0  0  0  0  0  0  0  0  0  0  0  0  0  0  0  0  0  0  0  0  0  0  0  0  0  0  0  0  0  0  0  0  0  0  0  0  0  0  0  0  0  0  0  0  0  0  0  0  0  0  0  0  0  0  0  0  0  0  0  0  0  0  0  0  0  0  0  0  0  0  0  0  0
  0  0  0  0  0  0  0  0  0  0  0  0  0  0  0  0  0  0  0  0  0  0  0  0  0  0  0  0  0  0  0  0  0  0  0  0  0  0  0  0  0  0  0  0  0  0  0  0  0  0  0  0  0  0  0  0  0  0  0  0  0  0  0  0  0  0  0  0  0  0  0  0  0  0  0  0  0  0  0  0  0  0  0  0  0  0  0  0  0  0  0  0  0  0  0  0  0  0  0  0  0
  -0.0006214488636363638  1.086015514322957e-81  1.52253138889836e-67  0  -0.0005350069594898439  2.98737173575227e-91  5.52002012928331e-43  0  -0.0004578621936  0  0  0  -0.0003892607689980823  0  0  0  -0.0003284925504  0  0  0  -0.0002748894453568893  0  0  0  -0.0002278238144000001  0  0  0  -0.0001867069101799005  0  0  0  -0.0001509873455999999  0  0  0  -0.0001201495909443893  0  0  0  -9.371250000000003e-05  0  0  0  -7.122786517308239e-05  0  0  0  -5.227900159999998e-05  0  0  0  -3.647936025234373e-05  0  0  0  -2.34711700363636e-05  0  0  0  -1.292410888671871e-05  0  0  0  -4.534003854545409e-06  0  0  0  1.978439810156296e-06  0  0  0  6.868880581818202e-06  0  0  0  1.037055358828127e-05  0  0  0  1.269545454545457e-05  0  0  0  1.403549469765626e-05  0  0  0  1.456362676363638e-05  0  0  0  1.443494188828126e-05  0  0  0  1.378773760000001e-05  0  0  0  1.274455677379262e-05
