  111.4
  104.7931502110001
  98.43286177600001
  92.31357129100004
  86.429775616
  80.77603187500003
  75.34695745599998
  70.13723001100003
  65.14158745599998
  60.35482797100001
  55.77181000000003
  51.387452251
  47.19673369600003
  43.19469357099999
  39.37643137600001
  35.73710687499999
  32.27194009600001
  28.97621133100003
  25.845261136
  22.87449033100003
  20.05936
  17.39539149100002
  14.878166416
  12.50332665100001
  10.26657433600003
  8.163671875000007
  6.190441935999992
  4.342767451000004
  2.616591616000015
  1.007917891000001
  -0.4871899999999894
  -1.87260806899998
  -3.152152063999992
  -4.329577469000003
  -5.408579503999994
  -6.392793124999996
  -7.285793023999997
  -8.091093628999992
  -8.812149103999992
  -9.452353348999992
  -10.01504
  -10.50348242899999
  -10.92089374399999
  -11.27042678899999
  -11.55517414399999
  -11.778168125
  -11.942380784
  -12.05072390899999
  -12.106049024
  -12.111147389
  -12.06875
  -11.981527589
  -11.852090624
  -11.682989309
  -11.476713584
  -11.235693125
  -10.962297344
  -10.658835389
  -10.327556144
  -9.970648228999996
  -9.590240000000001
  -9.188399549
  -8.767134704
  -8.328393028999999
  -7.874061823999999
  -7.405968124999998
  -6.925878703999998
  -6.435500069000001
  -5.936478463999998
  -5.430399869000001
  -4.918789999999997
  -4.403114309
  -3.884777983999995
  -3.365125948999999
  -2.845442864000003
  -2.326953124999999
  -1.810820864000001
  -1.298149948999998
  -0.7899839840000005
  -0.2873063089999957
  0.20896
  0.6979521309999965
  1.178867536
  1.650963930999998
  2.113559296000001
  2.566031874999998
  3.007820176000001
  3.438422971
  3.857399295999994
  4.264368450999999
  4.659009999999997
  5.041063771000001
  5.410329855999998
  5.766668611
  6.110000655999998
  6.440306875000002
  6.757628415999998
  7.062066690999997
  7.353783376000001
  7.633000410999998
  7.9
  8.155124611
  8.398776975999999
  8.631420090999997
  8.853577216000003
  9.065831874999999
  9.268827855999998
  9.463269210999998
  9.649920255999996
  9.829605571000004
  10.00321
  10.171678651
  10.336016896
  10.497290371
  10.656624976
  10.815206875
  10.974282496
  11.135158531
  11.299201936
  11.467839931
  11.64255999999999
  11.824909891
  12.016497616
  12.218991451
  12.434119936
  12.663671875
  12.909496336
  13.17350265100001
  13.457660416
  13.763999491
  14.09460999999999
  14.451642331
  14.837307136
  15.25387533099999
  15.70367809599999
  16.189106875
  16.71261337600001
  17.27670957099998
  17.88396769599999
  18.537020251
  19.23856
  19.99133997099998
  20.79817345599999
  21.661934011
  22.58555545600002
  23.57203187499999
  24.62441761600001
  25.74582729100001
  26.93943577599999
  28.208478211
  29.55625000000001
  30.98610681100002
  32.50146457599998
  34.10579949100001
  35.80264801600001
  37.59560687499997
  39.48833305599997
  41.48454381100001
  43.58801665600002
  45.80258937099998
  48.13216
  50.58068685100002
  53.15218849599997
  55.85074377099996
  58.68049177599999
  61.64563187500002
  64.75042369599996
  67.99918713099997
  71.39630233600002
  74.94620973099994
  78.65340999999997
  82.52246409099999
  86.55799321600003
  90.76467885099994
  95.14726273599996
  99.71054687500002
  104.4593935359999
  109.3987252509999
  114.533524816
  119.868835291
  125.4097599999999
  131.1614625309999
  137.129166736
  143.318156731
  149.733776896
  156.381431875
  163.266586576
  170.3947661709999
  177.771556096
  185.402602051
  193.29361
  201.4503461709999
  209.878637056
  218.584369411
  227.5734902559999
  236.8520068749999
  246.425986816
  256.301557891
  266.4849081759999
  276.9822860109999
  287.8
