  111.4
  104.793150211
  98.43286177600004
  92.31357129100004
  86.42977561599997
  80.77603187500007
  75.34695745599996
  70.13723001100007
  65.14158745599995
  60.35482797100002
  55.77181000000002
  51.38745225099996
  47.19673369600005
  43.19469357099997
  39.37643137600003
  35.73710687499999
  32.27194009600001
  28.97621133100003
  25.84526113600001
  22.87449033100003
  20.05935999999999
  17.39539149100001
  14.87816641599998
  12.50332665100001
  10.26657433600003
  8.163671875000011
  6.19044193599999
  4.342767450999991
  2.616591616000013
  1.007917890999996
  -0.48719
  -1.872608068999982
  -3.152152063999987
  -4.329577469000002
  -5.408579503999997
  -6.392793125000006
  -7.285793023999995
  -8.091093628999984
  -8.812149103999991
  -9.452353348999994
  -10.01504
  -10.50348242899999
  -10.920893744
  -11.270426789
  -11.55517414399999
  -11.778168125
  -11.942380784
  -12.050723909
  -12.106049024
  -12.11114738899999
  -12.06874999999999
  -11.98152758899999
  -11.852090624
  -11.682989309
  -11.476713584
  -11.235693125
  -10.962297344
  -10.658835389
  -10.327556144
  -9.970648228999996
  -9.59024
  -9.188399549000001
  -8.767134703999998
  -8.328393028999999
  -7.874061823999998
  -7.405968124999999
  -6.925878703999997
  -6.435500069000001
  -5.936478463999997
  -5.430399869000002
  -4.918789999999998
  -4.403114308999999
  -3.884777983999996
  -3.365125948999999
  -2.845442864000002
  -2.326953124999998
  -1.810820864000002
  -1.298149948999997
  -0.7899839840000009
  -0.2873063089999981
  0.2089599999999994
  0.6979521309999956
  1.178867536
  1.650963930999997
  2.113559296000002
  2.566031874999998
  3.007820176000002
  3.438422970999999
  3.857399295999996
  4.264368450999999
  4.659009999999997
  5.041063771000001
  5.410329855999998
  5.766668611000001
  6.110000655999999
  6.440306875000001
  6.757628415999999
  7.062066690999997
  7.353783376
  7.633000410999998
  7.9
  8.155124610999998
  8.398776976000001
  8.631420090999999
  8.853577216000001
  9.065831874999999
  9.268827855999998
  9.463269211
  9.649920255999998
  9.829605571
  10.00321
  10.171678651
  10.336016896
  10.497290371
  10.656624976
  10.815206875
  10.974282496
  11.135158531
  11.299201936
  11.467839931
  11.64256
  11.824909891
  12.016497616
  12.218991451
  12.434119936
  12.663671875
  12.909496336
  13.173502651
  13.457660416
  13.763999491
  14.09461
  14.451642331
  14.837307136
  15.253875331
  15.70367809599999
  16.189106875
  16.712613376
  17.27670957099999
  17.88396769599999
  18.53702025099999
  19.23856
  19.99133997099999
  20.79817345599999
  21.661934011
  22.58555545600001
  23.57203187499999
  24.624417616
  25.745827291
  26.93943577599998
  28.20847821099998
  29.55625
  30.98610681100001
  32.50146457599998
  34.10579949099999
  35.802648016
  37.59560687499997
  39.48833305599998
  41.484543811
  43.58801665600002
  45.80258937099997
  48.13215999999998
  50.580686851
  53.15218849599995
  55.85074377099997
  58.68049177599999
  61.64563187500001
  64.75042369599997
  67.99918713099999
  71.39630233599999
  74.94620973099993
  78.65340999999995
  82.52246409099999
  86.55799321600001
  90.76467885099994
  95.14726273599996
  99.71054687500002
  104.4593935359999
  109.3987252509999
  114.533524816
  119.868835291
  125.4097599999999
  131.161462531
  137.129166736
  143.3181567310001
  149.7337768959999
  156.381431875
  163.266586576
  170.3947661709999
  177.7715560959999
  185.4026020509999
  193.2936100000001
  201.4503461709999
  209.8786370559999
  218.584369411
  227.5734902559999
  236.8520068749999
  246.4259868159999
  256.3015578910001
  266.4849081759998
  276.9822860109999
  287.8000000000001
